71.2471008301
70.6701278687
70.6419944763
70.5258846283
70.720911026
70.5630779266
70.6269741058
70.6968307495
70.7378387451
70.7697868347
70.6608295441
70.7659721375
70.7609653473
70.7750320435
70.7919597626
70.8019733429
70.80078125
70.7349777222
70.7471370697
70.7700252533
70.7321166992
70.7309246063
70.729970932
70.6760883331
70.7371234894
70.9040164948
70.7812309265
70.7998275757
70.7848072052
70.7550048828
70.750951767
70.8210468292
70.7139968872
70.8050727844
70.8169937134
70.8148479462
70.8010196686
70.8100795746
70.7750320435
70.7650184631
70.8220005035
70.8019733429
70.7778930664
70.827960968
70.7809925079
70.7430839539
70.7910060883
70.732831955
70.7921981812
70.7659721375
70.7070827484
70.9309577942
70.7640647888
70.6729888916
70.7659721375
70.699930191
70.7278251648
70.7769393921
70.7051753998
70.750951767
70.7340240479
70.7168579102
70.7559585571
70.8057880402
70.741891861
70.7859992981
70.7101821899
70.7430839539
70.7929134369
70.7979202271
70.7979202271
70.8022117615
70.8069801331
70.9190368652
70.7731246948
70.7550048828
70.8000659943
70.7869529724
70.7278251648
70.7561969757
70.7809925079
70.7850456238
70.7969665527
70.7800388336
70.7890987396
70.7838535309
70.9199905396
70.741891861
70.7290172577
70.7359313965
70.8069801331
70.7488059998
70.6939697266
70.7211494446
70.6210136414
70.6181526184
70.7080364227
70.8019733429
70.808172226
70.6980228424
70.7950592041
70.7499980927
70.7280635834
70.7521438599
70.6830024719
70.7800388336
70.8088874817
70.7850456238
70.8000659943
70.7359313965
70.7259178162
70.8270072937
70.8501338959
70.8060264587
70.8050727844
70.8100795746
70.7809925079
70.7640647888
70.8091259003
70.7960128784
70.8010196686
70.8250999451
70.8079338074
70.7890987396
70.7199573517
70.7731246948
70.7681179047
70.7709789276
70.7240104675
70.7399845123
70.7879066467
70.7981586456
70.7938671112
70.7988739014
70.778131485
70.8301067352
70.741891861
70.7368850708
70.7991123199
70.7950592041
70.7828998566
70.8050727844
70.7349777222
70.7590579987
70.7070827484
70.7721710205
70.8079338074
70.7919597626
70.7938671112
70.7828998566
70.7850456238
70.681810379
70.6257820129
70.7700252533
70.8539485931
70.7921981812
70.8689689636
70.7700252533
70.708990097
70.8789825439
70.6300735474
70.7168579102
70.7988739014
70.760011673
70.8341598511
70.7218647003
70.8820819855
70.8699226379
70.8301067352
70.7449913025
70.7550048828
70.818901062
70.75715065
70.8110332489
70.9300041199
70.827960968
70.7950592041
70.748090744
70.8270072937
70.7960128784
70.7828998566
70.8301067352
70.7550048828
70.9109306335
70.7848072052
70.8107948303
70.7521438599
70.8780288696
70.8041191101
70.8498954773
70.71185112
70.7001686096
70.6980228424
70.6949234009
70.7340240479
70.6918239594
70.7039833069
70.6989765167
70.7249641418
70.7049369812
70.6598758698
70.7268714905
70.7368850708
70.7471370697
70.7609653473
70.8181858063
70.7569122314
70.7161426544
70.5909729004
70.7008838654
70.6918239594
70.7018375397
70.6989765167
70.7278251648
70.6980228424
70.690870285
70.6031322479
70.6748962402
70.6748962402
70.8241462708
70.7609653473
70.7070827484
70.6989765167
70.720911026
70.7948207855
70.8010196686
70.7058906555
70.9629058838
70.8060264587
70.8498954773
70.8420276642
70.8107948303
70.8131790161
70.7919597626
70.6629753113
70.7468986511
70.8091259003
70.7919597626
70.6961154938
70.8410739899
70.9719657898
70.7499980927
70.8069801331
70.8160400391
70.8599090576
70.7819461823
70.7581043243
70.7590579987
70.760011673
70.7731246948
70.7077980042
70.6949234009
70.760011673
70.808172226
70.8019733429
70.8160400391
70.8119869232
70.7650184631
70.7378387451
70.760011673
70.827960968
70.8038806915
70.8069801331
70.8599090576
70.8451271057
70.7979202271
70.7139968872
70.8050727844
70.7900524139
70.8079338074
70.7998275757
70.7950592041
70.808172226
70.7759857178
70.7709789276
70.7850456238
70.760011673
70.7921981812
70.7988739014
70.7731246948
70.8000659943
70.8620548248
70.8000659943
70.7960128784
70.8031654358
70.7900524139
70.7979202271
70.8100795746
70.8770751953
70.7950592041
70.7991123199
70.8439350128
70.7831382751
70.8119869232
70.7609653473
70.8119869232
70.7960128784
70.7519054413
70.7960128784
70.7609653473
70.8289146423
70.858001709
70.7969665527
70.7240104675
70.7790851593
70.7941055298
70.681810379
70.7550048828
70.7941055298
70.7409381866
70.6589221954
70.7859992981
70.809841156
70.7550048828
70.7578659058
70.7859992981
70.769071579
70.8169937134
70.8110332489
70.7750320435
70.8310604095
70.7688331604
70.8057880402
70.8858966827
70.7759857178
70.8022117615
70.7819461823
70.8179473877
70.7669258118
70.8019733429
70.8198547363
70.7559585571
70.7879066467
70.7681179047
70.8229541779
70.8110332489
70.808172226
70.7929134369
70.7650184631
70.8019733429
70.7809925079
70.818901062
70.7809925079
70.7359313965
70.8339214325
70.8160400391
70.7349777222
70.8210468292
70.7981586456
70.8560943604
70.8918571472
70.8420276642
70.8229541779
70.787191391
70.8208084106
70.8179473877
70.8119869232
70.8329677582
70.7039833069
70.7120895386
70.6970691681
70.6739425659
70.7161426544
70.6980228424
70.7330703735
70.7058906555
70.6880092621
70.7008838654
70.7218647003
70.6951618195
70.6849098206
70.7159042358
70.7011222839
70.7259178162
70.8560943604
70.7240104675
71.0399150848
70.662021637
70.8608627319
70.7809925079
70.6679821014
70.6880092621
70.8529949188
70.7771778107
70.7950592041
70.7828998566
70.7910060883
70.7840919495
70.7650184631
70.7828998566
70.7709789276
70.7728862762
70.7750320435
70.7769393921
70.7530975342
70.7719326019
70.7719326019
70.7859992981
70.7230567932
70.7650184631
70.8019733429
70.7700252533
70.7831382751
70.7771778107
70.8270072937
70.7280635834
70.7697868347
70.7719326019
70.7819461823
70.7058906555
70.7960128784
70.7890987396
70.7631111145
70.7819461823
70.7697868347
70.7669258118
70.7740783691
70.8141326904
70.788860321
70.7828998566
70.7540512085
70.7859992981
70.7490444183
70.7659721375
70.8250999451
70.7950592041
70.7080364227
70.876121521
70.8141326904
70.699930191
70.7590579987
70.7180500031
70.7111358643
70.7590579987
70.7809925079
70.7199573517
70.748090744
70.8260536194
70.788860321
70.8041191101
70.818901062
70.7778930664
70.6510543823
70.7590579987
70.7709789276
70.7468986511
70.7721710205
70.7678794861
70.699930191
70.7170963287
70.7240104675
70.7230567932
70.7800388336
70.7650184631
70.8160400391
70.7590579987
70.8298683167
70.7859992981
70.7340240479
70.7650184631
70.8160400391
70.8100795746
70.848941803
70.7869529724
70.7640647888
70.8141326904
70.7609653473
70.8041191101
70.7828998566
70.7700252533
70.7349777222
70.7709789276
70.7929134369
70.6629753113
70.7528591156
70.7848072052
70.8169937134
70.8029270172
70.8091259003
70.7869529724
70.7530975342
70.8069801331
70.7900524139
70.7459449768
70.7929134369
70.7850456238
70.8470344543
70.7931518555
70.7859992981
70.8079338074
70.7139968872
70.7578659058
70.7540512085
70.7578659058
70.7530975342
70.7111358643
70.8019733429
70.71185112
70.6858634949
70.7709789276
70.8038806915
70.7538127899
70.7440376282
70.7719326019
70.8231925964
70.7859992981
70.8000659943
70.8050727844
70.7759857178
70.7700252533
70.7981586456
70.7669258118
70.7731246948
70.8000659943
70.7900524139
70.7409381866
70.7881450653
70.7828998566
70.7221031189
70.6989765167
70.7199573517
70.7769393921
70.7218647003
70.7640647888
70.7521438599
70.650100708
70.7039833069
70.7020759583
70.662021637
70.8048343658
70.8451271057
70.7929134369
70.7778930664
70.7762241364
70.8048343658
70.8332061768
70.8079338074
70.8050727844
70.8131790161
70.8088874817
70.809841156
70.7271099091
70.8639621735
70.7838535309
70.689201355
70.8129405975
70.7201957703
70.681810379
70.7659721375
70.7309246063
70.7619190216
70.7249641418
70.8050727844
70.8379745483
70.8122253418
70.8360671997
70.7700252533
70.7569122314
70.7511901855
70.708990097
70.7070827484
70.7170963287
70.6758499146
70.9238052368
70.7910060883
70.8138942719
70.7671642303
70.8179473877
70.7540512085
70.8351135254
70.7709789276
70.778131485
71.0470676422
70.7540512085
70.8119869232
70.9030628204
70.8069801331
70.788860321
71.7978477478
70.8010196686
70.9710121155
70.7540512085
70.7120895386
70.8508491516
70.7020759583
70.7521438599
70.7719326019
70.7590579987
70.7631111145
70.7709789276
70.671081543
70.7271099091
70.7960128784
71.0089206696
70.7919597626
70.7399845123
70.7070827484
70.6951618195
70.7020759583
70.7778930664
70.8019733429
70.8019733429
70.7769393921
70.8200931549
70.7609653473
70.7302093506
70.7578659058
70.7848072052
70.7960128784
70.8301067352
70.8289146423
70.7979202271
70.7800388336
70.8429813385
70.7778930664
70.7409381866
70.7919597626
70.7349777222
70.741891861
70.7728862762
70.8250999451
70.7421302795
70.6939697266
70.778131485
70.7929134369
70.6899166107
70.7910060883
70.7731246948
70.8010196686
70.8119869232
70.7778930664
70.7709789276
70.7449913025
70.7669258118
70.7869529724
70.708990097
70.8041191101
70.778131485
70.7790851593
70.8518028259
70.8198547363
70.7941055298
70.7590579987
70.7149505615
70.7981586456
70.7259178162
70.7221031189
70.8029270172
70.7468986511
70.7180500031
70.7612037659
70.818901062
70.8329677582
70.8260536194
70.8169937134
70.7960128784
70.858001709
70.7619190216
70.7628726959
70.8270072937
70.7609653473
70.9130764008
70.6861019135
70.6331729889
70.6510543823
70.8000659943
70.7120895386
70.680141449
70.6121921539
70.8129405975
70.7778930664
70.760011673
70.7621574402
70.8010196686
70.8069801331
70.8160400391
70.7380771637
70.8148479462
70.7988739014
70.8091259003
70.7969665527
70.8110332489
70.8000659943
70.8000659943
70.7991123199
70.7709789276
70.7650184631
70.778131485
70.6770420074
70.7929134369
70.7960128784
70.7981586456
70.8138942719
70.8270072937
70.7719326019
70.8110332489
70.7838535309
70.7268714905
70.7459449768
70.8220005035
70.7540512085
70.760011673
70.8050727844
70.8351135254
70.8000659943
70.8160400391
70.7969665527
70.8141326904
70.7850456238
70.7619190216
70.7979202271
70.7881450653
70.827960968
70.8069801331
70.8069801331
70.9369182587
70.7228183746
70.7519054413
70.7681179047
70.8069801331
70.7809925079
70.7709789276
70.8198547363
70.8568096161
70.7719326019
70.741891861
70.8348751068
70.7981586456
70.8069801331
70.8019733429
70.8019733429
70.7330703735
70.8379745483
70.7950592041
70.8041191101
70.7321166992
70.8379745483
70.7819461823
70.7731246948
70.6808567047
70.7318782806
70.7521438599
70.7468986511
70.8150863647
70.7461833954
70.7838535309
70.7259178162
70.7581043243
70.7929134369
70.7981586456
70.6658363342
70.9400177002
70.8239078522
70.8110332489
70.8050727844
70.7650184631
70.8110332489
70.8119869232
70.7991123199
70.8060264587
70.7910060883
70.7769393921
70.8401203156
70.7981586456
70.8119869232
70.8031654358
70.8069801331
70.8050727844
70.7809925079
70.84608078
70.7259178162
70.8110332489
71.0401535034
70.7979202271
70.778131485
70.7900524139
70.8830356598
70.9109306335
70.8448886871
70.8301067352
70.8029270172
70.8360671997
70.7941055298
70.7700252533
70.7859992981
70.8031654358
70.9059238434
70.8210468292
70.787191391
70.8110332489
70.8060264587
70.8451271057
70.8220005035
70.8351135254
70.750951767
70.7750320435
70.8820819855
70.8711147308
70.7659721375
70.8210468292
70.8048343658
70.8608627319
70.8038806915
70.7941055298
70.8231925964
70.8010196686
70.8010196686
70.7981586456
70.8160400391
70.7340240479
70.8041191101
70.7969665527
70.6989765167
70.6858634949
70.7211494446
70.7011222839
70.6510543823
70.7018375397
70.641040802
70.6560611725
70.6360340118
70.8599090576
70.7001686096
70.6739425659
70.7099437714
70.6570148468
70.6958770752
70.7039833069
70.7309246063
70.6820487976
70.7161426544
70.6911087036
70.6388950348
70.7108974457
70.7161426544
70.7008838654
70.6639289856
70.6911087036
70.8270072937
70.7159042358
70.7068443298
70.6889629364
70.720911026
70.6601142883
70.729970932
70.6422328949
70.6570148468
70.7080364227
70.7020759583
70.6880092621
70.6939697266
70.7120895386
70.6951618195
70.671081543
70.7008838654
70.708990097
70.6899166107
70.6889629364
70.7139968872
70.6958770752
70.7080364227
70.6958770752
70.7321166992
70.8138942719
70.7838535309
70.7850456238
70.8160400391
70.7478523254
70.7201957703
70.7619190216
70.9829330444
70.7850456238
70.7881450653
70.7430839539
70.837020874
70.8210468292
70.7819461823
70.8000659943
70.9011554718
70.6651210785
70.7519054413
70.7430839539
70.7199573517
70.8429813385
70.7769393921
70.7159042358
70.6930160522
70.7039833069
70.689201355
70.6758499146
70.6608295441
70.6899166107
70.6639289856
70.6419944763
70.6779956818
70.7080364227
70.6958770752
70.6989765167
70.6779956818
70.7049369812
70.6930160522
70.708990097
70.6729888916
70.6021785736
70.652961731
70.7230567932
70.7108974457
70.7030296326
70.7161426544
70.7619190216
70.8169937134
70.8088874817
70.7740783691
70.7950592041
70.7979202271
70.7790851593
70.7461833954
70.7678794861
70.7859992981
70.8229541779
70.7991123199
70.769071579
70.7669258118
70.7919597626
70.769071579
70.6219673157
70.7042217255
70.643901825
70.6510543823
70.8010196686
70.6989765167
70.71185112
70.7309246063
70.7001686096
70.7170963287
70.662021637
70.6968307495
70.837020874
70.7378387451
70.6610679626
70.7359313965
70.7609653473
70.8270072937
70.9910392761
70.7972049713
70.741891861
70.8141326904
70.7349777222
70.8250999451
70.7030296326
70.6670284271
70.7628726959
70.8501338959
70.7881450653
70.8160400391
70.6717967987
70.7900524139
70.7488059998
70.7640647888
70.8000659943
70.7778930664
70.7991123199
70.7869529724
70.7659721375
70.7349777222
70.7359313965
70.7578659058
70.7759857178
70.9760189056
70.7309246063
70.750951767
70.7979202271
70.7931518555
70.8029270172
70.808172226
70.7478523254
70.702791214
70.732831955
70.8329677582
70.7960128784
70.8091259003
70.8029270172
70.6889629364
70.6951618195
70.9230899811
70.8129405975
70.748090744
70.7750320435
70.8010196686
70.7378387451
70.6889629364
70.7838535309
70.7559585571
70.8041191101
70.8239078522
70.8210468292
70.6660747528
70.7769393921
70.739030838
70.7259178162
