112.693071365
112.582921982
112.731218338
112.591028214
112.692832947
112.793922424
112.80798912
112.803220749
112.848997116
112.78796196
112.705945969
112.685918808
112.65707016
112.688064575
112.651109695
112.668037415
112.688064575
112.760066986
112.79797554
112.710952759
112.733840942
112.720012665
112.692832947
112.814903259
112.815141678
112.766027451
112.799167633
112.788915634
112.577915192
112.755060196
112.708091736
112.700939178
112.817049026
112.703084946
112.725973129
112.665176392
112.686872482
112.704992294
112.696886063
112.661838531
112.668991089
112.715005875
112.688064575
112.698078156
112.655878067
112.699985504
112.704992294
112.688064575
112.668991089
112.663030624
112.645149231
112.77794838
112.70904541
112.738132477
112.725973129
112.821102142
112.754106522
112.820863724
112.775802612
112.803936005
112.803936005
112.65206337
112.696886063
112.703800201
112.708091736
112.709999084
112.683057785
112.812042236
112.709999084
112.69903183
112.823009491
112.862110138
112.795114517
112.801790237
112.75601387
112.735033035
112.794876099
112.729787827
112.766981125
112.869977951
112.783908844
112.743854523
112.751960754
112.7409935
112.831115723
112.725973129
112.720012665
112.815141678
112.779855728
112.76102066
112.769842148
112.804889679
112.802028656
112.978935242
112.733840942
112.764120102
112.771034241
112.823009491
112.805128098
112.79296875
112.823009491
112.66207695
112.776994705
112.728118896
112.673044205
112.82491684
112.805128098
112.743139267
112.761974335
112.848043442
112.807035446
112.810850143
112.793922424
112.805128098
112.854957581
112.805128098
112.787008286
112.818002701
112.763166428
112.701892853
112.663984299
112.704992294
112.668037415
112.700939178
112.684965134
112.684965134
112.654924393
112.640857697
112.681865692
112.65707016
112.656116486
112.704992294
112.716913223
112.698078156
112.69903183
112.7140522
112.704992294
112.70403862
112.705945969
112.639904022
112.700939178
112.802028656
112.884998322
112.780094147
112.742900848
112.765073776
112.78295517
112.735033035
112.767934799
112.739801407
112.852096558
112.761974335
112.792015076
112.766981125
112.789869308
112.818956375
112.807035446
112.804889679
112.812995911
112.799882889
112.830162048
112.760066986
112.801074982
112.787008286
112.801074982
112.83493042
112.784147263
112.806081772
112.869024277
112.79797554
112.80798912
112.823963165
112.797021866
112.791061401
112.880945206
112.80298233
112.808942795
112.749099731
112.932920456
112.83493042
112.793922424
112.788915634
112.800836563
112.776994705
112.830877304
112.788915634
112.804889679
112.79797554
112.785100937
112.833023071
112.797021866
112.800121307
112.920045853
112.806081772
112.754106522
112.807035446
112.813949585
112.808227539
112.772941589
112.764120102
112.734794617
112.673044205
112.748861313
112.799882889
112.791061401
112.804889679
112.79296875
112.792015076
112.806081772
112.818956375
112.781047821
112.775087357
112.762928009
112.821817398
112.816095352
112.776994705
112.790107727
112.765073776
112.750053406
112.767934799
112.760066986
112.821102142
112.792015076
112.837076187
112.776994705
112.685918808
112.758159637
112.785100937
112.756967545
112.848997116
112.77794838
112.752914429
112.80798912
112.88189888
112.768888474
112.664937973
112.723827362
112.712860107
112.728834152
112.691879272
112.79797554
112.799882889
112.776041031
112.825155258
112.751960754
112.754106522
112.772941589
112.794160843
112.80298233
112.771987915
112.778186798
112.724065781
112.806081772
112.814903259
112.812995911
112.812995911
112.798929214
112.79296875
112.783908844
112.833976746
112.789154053
112.791061401
112.766981125
112.831115723
112.83493042
112.764120102
112.919092178
112.690925598
112.695932388
112.740039825
112.705945969
112.691164017
112.69402504
112.699985504
112.702131271
112.69402504
112.659931183
112.715959549
112.699985504
112.716913223
112.71905899
112.685918808
112.751960754
112.75100708
112.642049789
112.757921219
112.717151642
112.705945969
112.818956375
112.869977951
112.771987915
112.802028656
112.802028656
112.828016281
112.80798912
112.75601387
112.691879272
112.74600029
112.841844559
112.79797554
112.852096558
112.80798912
112.740039825
112.791061401
112.79797554
112.754106522
112.70403862
112.760066986
112.755060196
112.673044205
112.715959549
112.743854523
112.735033035
112.737894058
112.756967545
112.608909607
112.825870514
112.702131271
112.802028656
112.770080566
112.718105316
112.693071365
112.698078156
112.676858902
112.727880478
112.699985504
112.830162048
112.848043442
112.833023071
112.833023071
112.782001495
112.811803818
112.75100708
112.803936005
112.770080566
112.763166428
112.82491684
112.784147263
112.809896469
112.768173218
112.84995079
112.755060196
112.826108932
112.750053406
112.708091736
112.689971924
112.737178802
112.801074982
112.823963165
112.765073776
112.716913223
112.725973129
112.622976303
112.737894058
112.854957581
112.590074539
112.713098526
112.810134888
112.728118896
112.699985504
112.69402504
112.765073776
112.682104111
112.784147263
112.756967545
112.799882889
112.800121307
112.725019455
112.694978714
112.727880478
112.698078156
112.727165222
112.822055817
112.701892853
112.649202347
112.693071365
112.734079361
112.699985504
112.684965134
112.662792206
112.715005875
112.683057785
112.683057785
112.687826157
112.730026245
112.69402504
112.653970718
112.604856491
112.634897232
112.782001495
112.918138504
112.803936005
112.79296875
112.776994705
112.825870514
112.786054611
112.76102066
112.79296875
112.794160843
112.80798912
112.808942795
112.775087357
112.744092941
112.774848938
112.769126892
112.79296875
112.771034241
112.774848938
112.68901825
112.762928009
112.961053848
112.817049026
112.803936005
112.868070602
112.781047821
112.701177597
112.706899643
112.649202347
112.776041031
112.832069397
112.930059433
112.776994705
112.818956375
112.669944763
112.776041031
112.816810608
112.791776657
112.795829773
112.795114517
112.801074982
112.818956375
112.851858139
112.77794838
112.806081772
112.692832947
112.730979919
112.798213959
112.804889679
112.796068192
112.843036652
112.786054611
112.832069397
112.814903259
112.804889679
112.776041031
112.810134888
112.746953964
112.690925598
112.68901825
112.699985504
112.791061401
112.70403862
112.677097321
112.671852112
112.648010254
112.711906433
112.758159637
112.757921219
112.779140472
112.766981125
112.757205963
112.729072571
112.828016281
112.848043442
112.7409935
112.834215164
112.830877304
112.76102066
112.80798912
112.813949585
112.811088562
112.712144852
112.788915634
112.731933594
112.789154053
112.859964371
112.815141678
112.80298233
112.818002701
112.761974335
112.848043442
112.799882889
112.799882889
112.812995911
112.776994705
112.694978714
112.762928009
112.87689209
112.733125687
112.698078156
112.681865692
112.712144852
112.749099731
112.705945969
112.692117691
112.695932388
112.831115723
112.724065781
112.74600029
112.704992294
112.677097321
112.730026245
112.700939178
112.699985504
112.724781036
112.707853317
112.75100708
112.76102066
112.735033035
112.662792206
112.717151642
112.684011459
112.745046616
112.710952759
112.683057785
112.683057785
112.713098526
112.751960754
112.730979919
112.746953964
112.712144852
112.78295517
112.686157227
112.773895264
112.738132477
112.782001495
112.813949585
112.785100937
112.771034241
112.796068192
112.880945206
112.806081772
112.788915634
112.75601387
112.719774246
112.752914429
112.902164459
112.785816193
112.76102066
112.781047821
112.783193588
112.790822983
112.788915634
112.787008286
112.766027451
112.792015076
112.811088562
112.802028656
112.825155258
112.80298233
112.793922424
112.573862076
112.761974335
112.788915634
112.76102066
112.758159637
112.7140522
112.707853317
112.701892853
112.702131271
112.70403862
112.706899643
112.704992294
112.7140522
112.698793411
112.666845322
112.688064575
112.644910812
112.676143646
112.788915634
112.744808197
112.743139267
112.766981125
112.818002701
112.807035446
112.819910049
112.775087357
112.879991531
112.836837769
112.795114517
112.744092941
112.809181213
112.766027451
112.805843353
112.723827362
112.769126892
112.780094147
112.814903259
112.773895264
112.720012665
112.780094147
112.780094147
112.78796196
112.936973572
112.779140472
112.782001495
112.661123276
112.716913223
112.828016281
112.843036652
112.775087357
112.782001495
112.749099731
112.758874893
112.73598671
112.762212753
112.702846527
112.721204758
112.843990326
112.797021866
112.795114517
112.797021866
112.602949142
112.757205963
112.796068192
112.747907639
112.7409935
112.742185593
112.782001495
112.78796196
112.801074982
112.751960754
112.69402504
112.649202347
112.682819366
112.809896469
112.658977509
112.792015076
112.808942795
112.823009491
112.841129303
112.770080566
112.797021866
112.806081772
112.806081772
112.797021866
112.773895264
112.737178802
112.771987915
112.815856934
112.814903259
112.746953964
112.737894058
112.767934799
112.630844116
112.805128098
112.771034241
112.766027451
112.880945206
112.795829773
112.764835358
112.80298233
112.709999084
112.810850143
112.789869308
112.820148468
112.890958786
112.903118134
112.781047821
112.718105316
112.796068192
112.715005875
112.668037415
112.71905899
112.778186798
112.833023071
112.755060196
112.828016281
112.799882889
112.79797554
112.859964371
112.799167633
112.80298233
112.825155258
112.812995911
112.847089767
112.79797554
112.808942795
112.817049026
112.802028656
112.787008286
112.819910049
112.798929214
112.776994705
112.835168839
112.748861313
112.753868103
112.783908844
112.7409935
112.792015076
112.776994705
112.816095352
112.800836563
112.812042236
112.808942795
112.770080566
112.805843353
112.801790237
112.800836563
112.823963165
112.796068192
112.850904465
112.795114517
112.810850143
112.705945969
112.767934799
112.874031067
112.751960754
112.985134125
112.850904465
112.818002701
112.810850143
112.810850143
112.775802612
112.825870514
112.800121307
112.798929214
112.868785858
112.80798912
112.811088562
112.814903259
112.80798912
112.805128098
112.817049026
112.794876099
112.819910049
112.796068192
112.79797554
112.766981125
112.82491684
112.79797554
112.771034241
112.812995911
112.898111343
112.877845764
112.807035446
112.810134888
112.812042236
112.802028656
112.75100708
112.693071365
112.743854523
112.803936005
112.875938416
112.814188004
112.804889679
112.799882889
112.739086151
112.790107727
112.730979919
112.795114517
112.798929214
112.779855728
112.884998322
112.800836563
112.803936005
112.826108932
112.791061401
113.009929657
112.875938416
112.804889679
112.797021866
112.828016281
112.80298233
112.79797554
112.778902054
112.797021866
112.768888474
112.786769867
112.790822983
112.794876099
112.804174423
112.780094147
112.812042236
112.808942795
112.682104111
112.725973129
112.833023071
112.823963165
112.622022629
112.7409935
112.784147263
112.790822983
112.792015076
112.807035446
112.760066986
112.717866898
112.810850143
112.920045853
112.797021866
112.783908844
112.809181213
112.830877304
112.831115723
112.79296875
112.79296875
112.795114517
112.818002701
112.805128098
112.958908081
112.811088562
112.819910049
112.799167633
112.79797554
112.799167633
112.799882889
112.801790237
112.736940384
112.745046616
112.801074982
112.79797554
112.742185593
112.80798912
112.796068192
112.797021866
112.808227539
112.830877304
112.820863724
112.767934799
112.79797554
112.820148468
112.826108932
112.900018692
112.854957581
112.904071808
112.798929214
112.759113312
112.818002701
112.80798912
112.725973129
112.855911255
112.773895264
112.796783447
112.82491684
112.771034241
112.817049026
112.822055817
112.778186798
112.82491684
112.823009491
112.823009491
112.804889679
112.805128098
112.810134888
112.816095352
112.773895264
112.783193588
112.855911255
112.795829773
112.800836563
112.771987915
112.787008286
112.802028656
112.772941589
112.782001495
112.810850143
112.802028656
112.759828568
112.800836563
112.83493042
112.878084183
112.800121307
112.806081772
112.805843353
112.825870514
112.815856934
112.737178802
112.838029861
112.861156464
112.715005875
112.818956375
112.783908844
112.826108932
112.811088562
112.804889679
112.798929214
112.805128098
112.813949585
112.802028656
112.82992363
112.823009491
112.828016281
112.754106522
112.776041031
112.843036652
112.802028656
112.803936005
112.820148468
112.821817398
112.768888474
112.79797554
112.818002701
112.807035446
112.80298233
112.808942795
112.844944
112.806081772
112.806081772
112.816095352
112.679004669
112.787008286
112.752199173
112.915992737
112.831115723
112.818002701
112.803936005
112.810850143
112.805128098
112.814903259
112.806081772
112.763166428
112.686872482
112.83493042
112.836837769
112.884998322
112.929105759
112.804889679
112.775087357
112.745046616
112.840890884
112.709999084
112.713098526
112.865924835
112.846851349
112.791061401
112.784862518
112.80298233
112.741947174
112.771987915
112.800121307
112.791061401
112.894058228
112.906932831
112.826108932
112.801074982
112.77794838
112.80798912
112.80798912
112.721920013
112.805843353
112.811803818
112.79296875
112.776041031
112.78295517
112.713813782
112.695932388
112.70403862
112.70904541
112.80798912
112.772226334
112.697839737
112.709999084
112.735033035
112.68901825
112.746953964
112.696170807
112.726926804
112.754106522
112.629175186
112.708091736
112.697839737
112.695932388
113.024950027
112.915992737
112.70904541
112.802028656
112.828016281
112.804889679
112.812995911
112.778902054
112.797021866
112.805128098
112.79296875
112.842082977
112.808942795
112.814188004
112.75100708
112.848043442
112.803936005
112.78796196
112.843036652
112.80798912
112.80298233
112.838029861
112.796068192
112.715005875
112.720966339
112.707853317
112.713098526
112.846136093
112.825870514
112.794876099
112.802028656
112.767934799
112.798929214
112.819910049
112.725973129
112.798213959
112.845897675
112.797021866
