0.757217407227
0.592947006226
0.676155090332
0.553846359253
0.558137893677
0.55193901062
0.525951385498
0.457048416138
0.495910644531
0.448942184448
0.475883483887
0.464200973511
0.473022460938
0.468015670776
0.481843948364
0.474214553833
0.514984130859
0.452995300293
0.456094741821
0.446081161499
0.443935394287
0.452995300293
0.454902648926
0.452041625977
0.483989715576
0.468015670776
0.464916229248
0.488996505737
0.458955764771
0.460863113403
0.468015670776
0.46706199646
0.473976135254
0.462055206299
0.469923019409
0.468015670776
0.46706199646
0.466108322144
0.466823577881
0.465154647827
0.463008880615
0.46706199646
0.466823577881
0.463008880615
0.470161437988
0.466108322144
0.466823577881
0.49090385437
0.468015670776
0.478982925415
0.449895858765
0.447988510132
0.442028045654
0.444889068604
0.44584274292
0.445127487183
0.444889068604
0.441074371338
0.450849533081
0.465154647827
0.466823577881
0.46706199646
0.473976135254
0.46181678772
0.487089157104
0.461101531982
0.442028045654
0.468015670776
0.46706199646
0.460863113403
0.459909439087
0.463962554932
0.460863113403
0.470876693726
0.464916229248
0.473022460938
0.471115112305
0.49090385437
0.468015670776
0.465869903564
0.468015670776
0.465869903564
0.462055206299
0.52285194397
0.447988510132
0.449895858765
0.45108795166
0.45108795166
0.448942184448
0.477075576782
0.550031661987
0.520944595337
0.459909439087
0.46706199646
0.462055206299
0.463962554932
0.463962554932
0.517129898071
0.470161437988
0.500917434692
0.469923019409
0.464916229248
0.468015670776
0.468015670776
0.464916229248
0.496864318848
0.480175018311
0.491857528687
0.463962554932
0.462055206299
0.459909439087
0.460147857666
0.458955764771
0.462055206299
0.46706199646
0.464916229248
0.43797492981
0.443935394287
0.445127487183
0.44584274292
0.444173812866
0.442981719971
0.452041625977
0.408887863159
0.447034835815
0.473022460938
0.463008880615
0.486135482788
0.463008880615
0.464916229248
0.463008880615
0.465154647827
0.470161437988
0.472068786621
0.467777252197
0.425100326538
0.468015670776
0.464916229248
0.458955764771
0.463962554932
0.705003738403
0.490188598633
0.466823577881
0.486135482788
0.46706199646
0.462055206299
0.464916229248
0.470876693726
0.461101531982
0.492095947266
0.444889068604
0.447034835815
0.447034835815
0.447988510132
0.442981719971
0.482082366943
0.447034835815
0.443935394287
0.447988510132
0.459909439087
0.473022460938
0.442981719971
0.442028045654
0.442981719971
0.449895858765
0.446081161499
0.537872314453
0.472068786621
0.459909439087
0.464916229248
0.460147857666
0.46181678772
0.460147857666
0.45919418335
0.475168228149
0.460863113403
0.473022460938
0.461101531982
0.461101531982
0.462055206299
0.46181678772
0.465154647827
0.495195388794
0.452995300293
0.468015670776
0.488996505737
0.462055206299
0.466108322144
0.462055206299
0.465154647827
0.460863113403
0.457048416138
0.448942184448
0.448942184448
0.447988510132
0.442028045654
0.446081161499
0.478982925415
0.448942184448
0.473022460938
0.478982925415
0.46706199646
0.463008880615
0.463008880615
0.463008880615
0.466108322144
0.466823577881
0.471115112305
0.463962554932
0.464200973511
0.482797622681
0.45919418335
0.460147857666
0.462770462036
0.466108322144
0.459909439087
0.469923019409
0.464916229248
0.482082366943
0.463008880615
0.463962554932
0.463008880615
0.487089157104
0.463008880615
0.46706199646
0.645875930786
0.450134277344
0.440835952759
0.450134277344
0.46181678772
0.446081161499
0.446796417236
0.465154647827
0.465869903564
0.462055206299
0.46181678772
0.466108322144
0.457048416138
0.494003295898
0.463008880615
0.460147857666
0.466108322144
0.463008880615
0.45919418335
0.45919418335
0.463008880615
0.447988510132
0.471115112305
0.468969345093
0.465869903564
0.464916229248
0.483989715576
0.463962554932
0.463008880615
0.464916229248
0.466108322144
0.458002090454
0.498056411743
0.447034835815
0.47492980957
0.476121902466
0.448942184448
0.447034835815
0.472068786621
0.442028045654
0.48303604126
0.452995300293
0.446081161499
0.442028045654
0.442028045654
0.446796417236
0.447988510132
0.449895858765
0.442028045654
0.565052032471
0.463008880615
0.475883483887
0.452995300293
0.457048416138
0.450849533081
0.452995300293
0.452995300293
0.488996505737
0.453948974609
0.461101531982
0.460147857666
0.463008880615
0.464200973511
0.509023666382
0.465869903564
0.460147857666
0.62108039856
0.482797622681
0.637054443359
0.46706199646
0.458955764771
0.461101531982
0.458002090454
0.478029251099
0.442981719971
0.456094741821
0.443935394287
0.441074371338
0.44584274292
0.473022460938
0.445127487183
0.585794448853
0.468969345093
0.462055206299
0.426054000854
0.45108795166
0.464916229248
0.462055206299
0.477075576782
0.469923019409
0.46706199646
0.460863113403
0.484943389893
0.461101531982
0.456809997559
0.463962554932
0.468015670776
0.458002090454
0.464916229248
0.460863113403
0.468015670776
0.460863113403
0.461101531982
0.463008880615
0.488996505737
0.462055206299
0.462055206299
0.447988510132
0.446796417236
0.43797492981
0.444173812866
0.439167022705
0.439882278442
0.442028045654
0.432014465332
0.552177429199
0.576972961426
0.501155853271
0.48303604126
0.478029251099
0.478982925415
0.483989715576
0.47492980957
0.546932220459
0.426054000854
0.442981719971
0.458955764771
0.460863113403
0.462055206299
0.460863113403
0.460147857666
0.470876693726
0.458002090454
0.462055206299
0.454187393188
0.458955764771
0.458002090454
0.490188598633
0.458002090454
0.436067581177
0.444889068604
0.441074371338
0.458955764771
0.442028045654
0.438928604126
0.436782836914
0.413179397583
0.402927398682
0.581979751587
0.467777252197
0.461101531982
0.458955764771
0.456809997559
0.455141067505
0.487089157104
0.453948974609
0.500917434692
0.459909439087
0.427961349487
0.464916229248
0.468969345093
0.458955764771
0.460147857666
0.457048416138
0.463962554932
0.46706199646
0.457048416138
0.46706199646
0.454902648926
0.457048416138
0.460147857666
0.466108322144
0.463008880615
0.483989715576
0.447988510132
0.444173812866
0.443935394287
0.438928604126
0.437021255493
0.440835952759
0.447988510132
0.441074371338
0.491857528687
0.468015670776
0.455141067505
0.457048416138
0.455141067505
0.560998916626
0.602006912231
0.463008880615
0.442981719971
0.459909439087
0.454902648926
0.461101531982
0.458955764771
0.458955764771
0.458002090454
0.452041625977
0.458955764771
0.452995300293
0.468015670776
0.457048416138
0.460863113403
0.458002090454
0.45108795166
0.456094741821
0.488996505737
0.459909439087
0.440120697021
0.501871109009
0.41389465332
0.407934188843
0.402927398682
0.466108322144
0.440120697021
0.466823577881
0.462055206299
0.462055206299
0.452041625977
0.456094741821
0.452995300293
0.458955764771
0.462055206299
0.458955764771
0.452995300293
0.460863113403
0.463008880615
0.458002090454
0.459909439087
0.457048416138
0.464916229248
0.457048416138
0.464916229248
0.463962554932
0.458955764771
0.455141067505
0.461101531982
0.458002090454
0.457048416138
0.510931015015
0.454902648926
0.448942184448
0.43797492981
0.464916229248
0.442028045654
0.438928604126
0.441074371338
0.446081161499
0.443935394287
0.452041625977
0.462055206299
0.480175018311
0.46706199646
0.458002090454
0.455856323242
0.456094741821
0.46706199646
0.452995300293
0.576972961426
0.476121902466
0.460863113403
0.655889511108
0.466108322144
0.496864318848
0.473976135254
0.464916229248
0.465154647827
0.466823577881
0.46706199646
0.464916229248
0.464916229248
0.461101531982
0.562191009521
0.498056411743
0.461101531982
0.453948974609
0.449895858765
0.447988510132
0.447034835815
0.448942184448
0.447988510132
0.442028045654
0.578165054321
0.459909439087
0.488042831421
0.464200973511
0.460863113403
0.469923019409
0.466108322144
0.46706199646
0.462055206299
0.462055206299
0.462055206299
0.461101531982
0.460863113403
0.458955764771
0.490188598633
0.460147857666
0.459909439087
0.453948974609
0.452041625977
0.457048416138
0.457048416138
0.453948974609
0.458955764771
0.46181678772
0.482082366943
0.455856323242
0.442028045654
0.446081161499
0.444173812866
0.438928604126
0.43797492981
0.468969345093
0.442028045654
0.45919418335
0.464916229248
0.459909439087
0.459909439087
0.46706199646
0.458955764771
0.456094741821
0.463962554932
0.456094741821
0.443935394287
0.463962554932
0.478982925415
0.455856323242
0.458002090454
0.456094741821
0.459909439087
0.458955764771
0.462055206299
0.459909439087
0.459909439087
0.42200088501
0.464916229248
0.460147857666
0.460863113403
0.458002090454
0.45108795166
0.506162643433
0.476837158203
0.447988510132
0.439882278442
0.43797492981
0.43797492981
0.409841537476
0.446081161499
0.463008880615
0.465154647827
0.465869903564
0.458955764771
0.459909439087
0.465154647827
0.480890274048
0.458955764771
0.741958618164
0.469923019409
0.460863113403
0.456094741821
0.460863113403
0.458955764771
0.458002090454
0.458002090454
0.456094741821
0.45108795166
0.431060791016
0.460147857666
0.455856323242
0.454902648926
0.458002090454
0.468969345093
0.462055206299
0.582933425903
0.593900680542
0.53596496582
0.539064407349
0.461101531982
0.465154647827
0.447988510132
0.502109527588
0.545978546143
0.547885894775
0.473022460938
0.473976135254
0.476837158203
0.492095947266
0.473976135254
0.518083572388
0.43797492981
0.430107116699
0.427007675171
0.465869903564
0.462055206299
0.463962554932
0.464916229248
0.470876693726
0.462055206299
0.468969345093
0.46706199646
0.465869903564
0.462055206299
0.459909439087
0.46706199646
0.460863113403
0.487804412842
0.45108795166
0.442028045654
0.439882278442
0.447988510132
0.443935394287
0.469923019409
0.450134277344
0.519037246704
0.430107116699
0.462770462036
0.458955764771
0.463008880615
0.464916229248
0.463962554932
0.463008880615
0.482082366943
0.452995300293
0.458955764771
0.482082366943
0.455856323242
0.457048416138
0.459909439087
0.463008880615
0.459909439087
0.464916229248
0.473022460938
0.462055206299
0.459909439087
0.461101531982
0.458002090454
0.49090385437
0.458955764771
0.463962554932
0.444889068604
0.443935394287
0.444173812866
0.444173812866
0.434875488281
0.440120697021
0.441074371338
0.435829162598
0.427961349487
0.424146652222
0.437021255493
0.458955764771
0.462055206299
0.462055206299
0.458955764771
0.526905059814
0.472068786621
0.455141067505
0.466823577881
0.485181808472
0.456094741821
0.462055206299
0.462055206299
0.463962554932
0.459909439087
0.466108322144
0.458002090454
0.461101531982
0.458955764771
0.453948974609
0.458955764771
0.486850738525
0.459909439087
0.596046447754
0.443935394287
0.447988510132
0.439882278442
0.441074371338
0.439167022705
0.439882278442
0.443935394287
0.449180603027
0.480175018311
0.463008880615
0.473976135254
0.46706199646
0.464916229248
0.464916229248
0.464916229248
0.463008880615
0.482082366943
0.458955764771
0.472068786621
0.465869903564
0.466108322144
0.494003295898
0.46706199646
0.458955764771
0.46706199646
0.464916229248
0.466108322144
0.46706199646
0.463008880615
0.470876693726
0.484943389893
0.464916229248
0.600099563599
0.454902648926
0.445127487183
0.442028045654
0.442981719971
0.439882278442
0.445127487183
0.438928604126
0.433921813965
0.592947006226
0.473022460938
0.486135482788
0.454902648926
0.456094741821
0.663995742798
0.46706199646
0.469923019409
0.468969345093
0.468969345093
0.484943389893
0.458002090454
0.463962554932
0.460147857666
0.463962554932
0.459909439087
0.473022460938
0.466108322144
0.464916229248
0.459909439087
0.461101531982
0.46181678772
0.463008880615
0.457048416138
0.463008880615
0.440835952759
0.442028045654
0.437021255493
0.435829162598
0.445127487183
0.440835952759
0.446081161499
0.439882278442
0.539064407349
0.460863113403
0.457048416138
0.452995300293
0.453948974609
0.452041625977
0.469923019409
0.457048416138
0.458002090454
0.462055206299
0.466108322144
0.456094741821
0.458002090454
0.460147857666
0.456809997559
0.461101531982
0.463008880615
0.455856323242
0.458955764771
0.483989715576
0.463962554932
0.464916229248
0.461101531982
0.459909439087
0.459909439087
0.504970550537
0.446081161499
0.452041625977
0.440120697021
0.442981719971
0.439882278442
0.442981719971
0.441074371338
0.463008880615
0.453948974609
0.447034835815
0.462055206299
0.441074371338
0.442028045654
0.441074371338
0.44322013855
0.441074371338
0.430107116699
0.459909439087
0.455856323242
0.456094741821
0.455856323242
0.452995300293
0.465869903564
0.466108322144
0.462055206299
0.46706199646
0.463008880615
0.482082366943
0.462055206299
0.463008880615
0.459909439087
0.463962554932
0.457048416138
0.602006912231
0.463962554932
0.484943389893
0.46706199646
0.462055206299
0.460863113403
0.466108322144
0.462055206299
0.458955764771
0.442028045654
0.447034835815
0.442028045654
0.446081161499
0.441074371338
0.442028045654
0.440120697021
0.447988510132
0.476837158203
0.462055206299
0.482082366943
0.466823577881
0.461101531982
0.458002090454
0.463962554932
0.456809997559
0.483989715576
0.458955764771
0.458955764771
0.460147857666
0.455856323242
0.458002090454
0.49090385437
0.464916229248
0.46706199646
0.426054000854
0.428915023804
0.463008880615
0.463962554932
0.458955764771
0.465154647827
0.466823577881
0.473022460938
0.49614906311
0.453948974609
0.469923019409
0.443935394287
0.443935394287
0.441074371338
0.438928604126
0.436067581177
0.464916229248
0.424861907959
0.478982925415
0.464916229248
0.45919418335
0.464200973511
0.463962554932
0.468015670776
0.458002090454
0.464200973511
0.463008880615
0.461101531982
0.464916229248
0.463962554932
0.463008880615
0.459909439087
0.48303604126
0.502109527588
0.461101531982
0.457048416138
0.462055206299
0.519990921021
0.468015670776
0.463008880615
0.468015670776
0.47492980957
0.43797492981
0.440120697021
0.438928604126
0.441789627075
0.445127487183
0.468969345093
0.439882278442
0.432968139648
0.463962554932
0.461101531982
0.456809997559
0.461101531982
0.468015670776
0.455856323242
0.462055206299
0.458955764771
0.460863113403
0.460147857666
0.46181678772
0.456094741821
0.458955764771
0.458002090454
0.473022460938
0.463008880615
0.460147857666
0.537872314453
0.495910644531
0.458955764771
0.46706199646
0.462055206299
0.459909439087
0.460147857666
0.467777252197
0.442028045654
0.441074371338
0.442028045654
0.438928604126
0.438928604126
0.438928604126
0.442981719971
0.447988510132
0.45108795166
0.463008880615
0.460863113403
0.456094741821
0.464916229248
0.462055206299
0.458955764771
0.458955764771
0.463962554932
0.460863113403
0.463008880615
0.458955764771
0.466108322144
0.458002090454
0.456809997559
0.462055206299
0.488042831421
0.477075576782
0.462055206299
0.487804412842
0.463008880615
0.463962554932
0.462055206299
0.463008880615
0.462055206299
0.48303604126
0.446081161499
0.44322013855
0.439167022705
0.444889068604
0.44584274292
0.471115112305
0.447034835815
0.547170639038
0.472068786621
0.457048416138
0.458002090454
0.452995300293
0.458002090454
0.461101531982
0.468015670776
0.463962554932
0.475168228149
0.459909439087
0.48303604126
0.460147857666
0.455856323242
0.462055206299
0.47492980957
0.463008880615
0.500917434692
