98.0110168457
97.7699756622
97.8400707245
97.8219509125
97.7439880371
97.8178977966
97.7568626404
97.7149009705
97.7070331573
97.7168083191
97.7330207825
97.7189540863
97.7311134338
97.7239608765
97.6870059967
97.706079483
97.7380275726
97.7079868317
97.7268218994
97.7091789246
97.7108478546
97.8188514709
97.7201461792
97.7230072021
97.7008342743
97.7139472961
97.6510047913
97.8229045868
97.74518013
97.7969169617
97.815990448
97.804069519
97.8350639343
97.8379249573
97.815990448
97.8190898895
97.7520942688
97.7439880371
97.8519916534
97.836971283
97.8598594666
97.7120399475
97.8128910065
97.8100299835
97.8200435638
97.7940559387
97.7900028229
97.8059768677
97.7489948273
97.7919101715
97.8519916534
97.8288650513
97.7621078491
97.892999649
97.7919101715
97.8648662567
97.6490974426
97.766160965
97.7799892426
97.8071689606
97.7559089661
97.7981090546
97.7981090546
97.7928638458
97.8031158447
97.8009700775
97.7711677551
97.795009613
97.8519916534
97.7649688721
97.9099273682
97.804069519
97.7981090546
97.8169441223
97.806930542
97.7971553802
97.806930542
97.8031158447
97.8019237518
97.715139389
97.7239608765
97.7230072021
97.795009613
97.7170467377
97.8081226349
97.8348255157
97.7668762207
97.8021621704
97.874879837
97.8090763092
97.8100299835
97.8090763092
97.7818965912
97.8269577026
97.7849960327
97.8920459747
97.8050231934
97.8100299835
97.8870391846
97.7809429169
97.7709293365
97.9671478271
97.7001190186
97.6929664612
97.8181362152
97.785949707
97.7749824524
97.7609157562
97.7618694305
97.7718830109
97.6529121399
97.7160930634
97.797870636
97.8038311005
97.7947711945
97.7468490601
97.895860672
97.8000164032
97.8071689606
97.7919101715
97.7821350098
97.846031189
97.8109836578
97.9220867157
97.7380275726
97.9681015015
97.815990448
97.8050231934
97.6829528809
97.7640151978
97.6679325104
97.7289676666
97.6979732513
97.7530479431
97.6989269257
97.7790355682
97.7389812469
97.7039337158
97.6951122284
97.7189540863
97.8019237518
97.7928638458
97.7830886841
97.7799892426
97.8009700775
97.7838039398
97.7938175201
97.804069519
97.6359844208
97.7919101715
97.9161262512
97.8090763092
97.8059768677
97.8059768677
97.7928638458
97.795009613
97.8171825409
97.7339744568
97.7079868317
97.9700088501
97.6800918579
97.785949707
97.8100299835
97.815990448
97.7561473846
97.8109836578
97.8031158447
97.8050231934
97.7940559387
97.7258682251
97.7969169617
97.7799892426
97.7947711945
97.8078842163
97.7609157562
97.8000164032
97.6459980011
97.736120224
97.7070331573
97.9008674622
97.7809429169
97.8050231934
97.7959632874
97.8009700775
97.8100299835
97.8038311005
97.7559089661
97.7849960327
97.7931022644
97.8150367737
97.8081226349
97.8009700775
97.8410243988
97.8059768677
97.8121757507
97.8050231934
97.776889801
97.8000164032
97.8128910065
97.7530479431
97.8231430054
97.8860855103
97.7079868317
97.7008342743
97.7008342743
97.6982116699
97.7129936218
97.9080200195
97.8751182556
97.8538990021
97.7628231049
97.7988243103
97.7709293365
97.8229045868
97.8119373322
97.8090763092
97.718000412
97.8791713715
97.7139472961
97.708940506
97.7079868317
97.9278087616
97.8138446808
97.8050231934
97.8479385376
97.8200435638
97.8870391846
97.8231430054
97.7618694305
97.8398323059
97.8209972382
97.8119373322
97.7931022644
97.813129425
97.8121757507
97.7709293365
97.7990627289
97.846031189
97.7840423584
97.7900028229
97.8019237518
97.795009613
97.795009613
97.7399349213
97.8112220764
97.8350639343
97.797870636
97.9700088501
97.804069519
97.7849960327
97.7981090546
97.7189540863
97.7921485901
97.7959632874
97.8000164032
97.7990627289
97.8231430054
97.806930542
97.8231430054
97.7919101715
97.7239608765
97.825050354
97.6791381836
97.7280139923
97.8231430054
97.74518013
97.806930542
97.8021621704
97.8078842163
97.7938175201
97.8999137878
97.8178977966
97.8081226349
97.8298187256
97.7690219879
97.8188514709
97.7931022644
97.7981090546
97.8438854218
97.8050231934
97.8338718414
97.8240966797
97.8059768677
97.8059768677
97.797870636
97.7890491486
97.7971553802
97.7368354797
97.6178646088
97.8190898895
97.8078842163
97.7900028229
97.8009700775
97.815990448
97.7931022644
97.8360176086
97.813129425
97.6989269257
97.8109836578
97.8050231934
97.8109836578
97.8088378906
97.7611541748
97.8090763092
97.806930542
97.7938175201
97.8651046753
97.7940559387
97.7160930634
97.8300571442
97.8000164032
97.8071689606
97.620010376
97.7458953857
97.8009700775
97.7289676666
97.7699756622
97.8288650513
97.8670120239
97.8059768677
97.7809429169
97.8119373322
97.8119373322
97.795009613
97.8190898895
97.7730751038
97.7799892426
97.8081226349
97.8078842163
97.8031158447
97.8090763092
97.8088378906
97.7039337158
97.8050231934
97.8350639343
97.8009700775
97.7869033813
97.8589057922
97.7389812469
97.8028774261
97.7909564972
97.7749824524
97.8360176086
97.8140830994
97.8059768677
97.7399349213
97.7878570557
97.8031158447
97.7959632874
97.8000164032
97.8109836578
97.8188514709
97.7997779846
97.8298187256
97.7871417999
97.785949707
97.9671478271
97.8620052338
97.8169441223
97.8090763092
97.7680683136
97.7630615234
97.7578163147
97.8019237518
97.8889465332
97.8708267212
97.6641178131
97.8059768677
97.9309082031
97.8760719299
97.8078842163
97.8028774261
97.836971283
97.7959632874
97.7959632874
97.776889801
97.8600978851
97.8429317474
97.8240966797
97.7869033813
97.8138446808
97.8059768677
97.806930542
97.7871417999
97.6660251617
97.8510379791
97.8021621704
97.9430675507
97.8050231934
97.7730751038
97.7740287781
97.7730751038
97.7849960327
97.8059768677
97.8147983551
97.7659225464
97.7840423584
97.8150367737
97.8209972382
97.8419780731
97.7289676666
97.8798866272
97.8410243988
97.8078842163
97.8100299835
97.8088378906
97.8178977966
97.7861881256
97.7988243103
97.8138446808
97.932100296
97.8291034698
97.8391170502
97.7828502655
97.7869033813
97.846031189
97.7039337158
97.815990448
97.7690219879
97.8488922119
97.8198051453
97.7869033813
97.7880954742
97.7780818939
97.8059768677
97.708940506
97.8379249573
97.8569984436
97.8531837463
97.8178977966
97.7740287781
97.8610515594
97.8350639343
97.9878902435
97.827911377
97.8300571442
97.7931022644
97.8350639343
97.8231430054
97.8119373322
97.8009700775
97.8138446808
97.8147983551
97.7921485901
97.8190898895
97.8119373322
97.8140830994
97.8078842163
97.8128910065
97.8670120239
97.8372097015
97.8188514709
97.9189872742
97.8121757507
97.836971283
97.8381633759
97.8100299835
97.8109836578
97.7590084076
97.8240966797
97.8410243988
97.813129425
97.8188514709
97.8298187256
97.8169441223
97.8350639343
97.8090763092
97.7430343628
97.9170799255
97.8198051453
97.7559089661
97.8398323059
97.886800766
97.8829860687
97.8071689606
97.8009700775
97.8150367737
97.8090763092
97.7878570557
97.8090763092
97.8050231934
97.8181362152
97.804069519
97.8000164032
97.9778766632
97.8291034698
97.8140830994
97.7880954742
97.7740287781
97.8128910065
97.8021621704
97.8000164032
97.7740287781
97.8050231934
97.7919101715
97.8050231934
97.8100299835
97.8219509125
97.7821350098
97.8419780731
97.7869033813
97.7621078491
97.7549552917
97.7990627289
97.7721214294
97.7690219879
97.8538990021
97.7749824524
97.7928638458
97.7871417999
97.7849960327
97.8689193726
97.7971553802
97.708940506
97.7921485901
97.7280139923
97.7070331573
97.6440906525
97.7008342743
97.7430343628
97.8078842163
97.7509021759
97.7358818054
97.7311134338
97.6870059967
97.7690219879
97.827911377
97.638130188
97.6920127869
97.8889465332
97.7079868317
97.687959671
97.7220535278
97.7251529694
97.6729393005
97.6679325104
97.708940506
97.7029800415
97.7001190186
97.706079483
97.78881073
97.7449417114
97.7568626404
97.6979732513
97.6648330688
97.7039337158
97.7039337158
97.6998806
97.7070331573
97.690820694
97.7308750153
97.7110862732
97.8281497955
97.7399349213
97.8119373322
97.8031158447
97.8820323944
97.8209972382
97.7981090546
97.7969169617
97.7818965912
97.8429317474
97.7330207825
97.7799892426
97.804069519
97.7778434753
97.8109836578
97.8019237518
97.8150367737
97.7990627289
97.7780818939
97.7919101715
97.855091095
97.687959671
97.7141857147
97.7308750153
97.7220535278
97.7160930634
97.7220535278
97.8109836578
97.8059768677
97.7921485901
97.8019237518
97.8009700775
97.8128910065
97.7799892426
97.8059768677
97.8009700775
97.795009613
97.7649688721
97.797870636
97.7900028229
97.6808071136
97.8238582611
97.748041153
97.8050231934
97.8009700775
97.8000164032
97.8398323059
97.8050231934
97.7039337158
97.8109836578
97.7787971497
97.7568626404
97.8009700775
97.8090763092
97.804069519
97.7299213409
97.7702140808
97.883939743
97.7990627289
97.7659225464
97.7561473846
97.8238582611
97.8028774261
97.7780818939
97.7659225464
97.8019237518
97.7909564972
97.7981090546
97.8119373322
97.7981090546
97.797870636
97.6729393005
97.836971283
97.7709293365
97.7609157562
97.7749824524
97.7990627289
97.736120224
97.8031158447
97.7799892426
97.8140830994
97.8028774261
97.8009700775
97.7919101715
97.7931022644
97.7671146393
97.8789329529
97.7861881256
97.7690219879
97.797870636
97.7971553802
97.7928638458
97.6958274841
97.8050231934
97.8071689606
97.6810455322
97.776889801
97.9878902435
97.7799892426
97.7840423584
97.7811813354
97.7330207825
97.7818965912
97.7699756622
97.7649688721
97.8078842163
98.0370044708
97.797870636
97.8238582611
97.8071689606
97.7659225464
97.8121757507
97.8200435638
97.8050231934
97.8009700775
97.8081226349
97.8088378906
97.806930542
97.8128910065
97.8178977966
98.01197052
97.8510379791
97.795009613
97.7330207825
97.7649688721
97.8140830994
97.8360176086
97.7220535278
97.8100299835
97.7351665497
97.7869033813
97.8281497955
97.7439880371
97.7029800415
97.7981090546
97.9270935059
97.8059768677
97.7969169617
97.8760719299
97.8019237518
97.8009700775
97.7640151978
97.7280139923
97.7799892426
97.727060318
97.8400707245
97.6450443268
97.6910591125
97.6550579071
97.7249145508
97.639799118
97.7201461792
97.6839065552
97.7210998535
97.7079868317
97.6421833038
97.7108478546
97.6691246033
97.6779460907
97.7220535278
97.718000412
97.7511405945
97.7139472961
97.7251529694
97.6898670197
97.7568626404
97.7849960327
97.8181362152
97.785949707
97.8009700775
97.706079483
97.8100299835
97.8190898895
97.7380275726
97.6829528809
97.7261066437
97.8789329529
97.8059768677
97.7470874786
97.8269577026
97.7981090546
97.8419780731
97.8419780731
97.8109836578
97.7821350098
97.795009613
97.7928638458
97.8000164032
97.795009613
97.7630615234
97.8021621704
97.8097915649
97.8100299835
97.7849960327
97.7981090546
97.8050231934
97.6979732513
97.8019237518
97.8319644928
97.785949707
97.815990448
97.9311466217
97.7799892426
97.8198051453
97.7900028229
97.8028774261
97.8338718414
97.8121757507
97.8999137878
97.8178977966
97.757101059
97.7559089661
97.8138446808
97.8209972382
97.8789329529
97.7630615234
97.8081226349
97.8920459747
97.7308750153
97.690820694
97.7799892426
97.6507663727
97.8128910065
97.8119373322
97.7799892426
97.8219509125
97.7809429169
97.8128910065
97.8429317474
97.8000164032
97.8078842163
97.8450775146
97.8510379791
97.8050231934
97.8000164032
97.7909564972
97.8059768677
97.7580547333
97.7981090546
97.9490280151
97.7990627289
97.8329181671
97.7821350098
97.8109836578
97.8410243988
97.7990627289
97.7959632874
97.815990448
97.7818965912
97.836971283
97.7101325989
97.8119373322
97.7411270142
97.797870636
97.7528095245
97.7871417999
97.7990627289
97.7969169617
97.7840423584
97.6910591125
97.7890491486
97.8281497955
97.8229045868
97.8710651398
97.8190898895
97.8109836578
97.8012084961
97.7869033813
97.8059768677
97.8000164032
97.7749824524
97.8090763092
97.8150367737
97.7969169617
97.7401733398
97.7990627289
97.7959632874
97.8059768677
97.8009700775
97.7258682251
97.7590084076
97.825050354
97.74518013
97.8410243988
97.8400707245
97.8059768677
97.8209972382
97.7940559387
97.7990627289
97.8269577026
97.8071689606
97.804069519
97.8019237518
97.8019237518
97.8012084961
97.7909564972
97.8019237518
97.8171825409
97.8779792786
97.8009700775
97.715139389
97.8140830994
97.8319644928
97.8021621704
97.8000164032
97.8059768677
97.7520942688
97.8410243988
97.815990448
97.8121757507
97.8138446808
97.7599620819
97.8090763092
98.0050563812
97.7959632874
97.7849960327
97.9051589966
97.825050354
97.8479385376
97.8300571442
97.8500843048
97.806930542
97.8119373322
97.7821350098
97.8238582611
97.8088378906
97.8729724884
97.8200435638
97.8169441223
97.8100299835
97.8031158447
97.846031189
97.8119373322
97.757101059
97.8219509125
97.8679656982
97.815990448
97.8138446808
97.7878570557
97.6910591125
97.7971553802
97.8019237518
97.7959632874
97.804069519
97.815990448
97.795009613
97.8019237518
97.7990627289
97.7900028229
97.7981090546
97.806930542
97.7551937103
97.7418422699
97.8519916534
97.8169441223
97.8269577026
97.8481769562
97.8248119354
97.8169441223
97.8560447693
97.7640151978
97.813129425
97.7740287781
97.8169441223
97.8331565857
97.7969169617
97.8429317474
97.8450775146
97.804069519
97.804069519
97.7749824524
97.795009613
97.8331565857
97.7599620819
97.7931022644
97.7659225464
97.7599620819
97.8059768677
97.8097915649
97.8028774261
97.7449417114
97.7890491486
97.9738235474
97.8190898895
97.7001190186
97.6228713989
97.843170166
97.8140830994
97.8081226349
97.8429317474
97.8119373322
97.7928638458
97.7790355682
97.7540016174
97.8200435638
97.8109836578
97.8009700775
97.8329181671
97.7900028229
97.8238582611
97.7990627289
97.7931022644
97.7928638458
97.8028774261
97.7780818939
97.9900360107
97.7778434753
97.8071689606
97.8190898895
97.7988243103
97.7969169617
97.785949707
97.7821350098
97.7740287781
97.7990627289
97.7878570557
97.8147983551
97.8028774261
97.843170166
97.7568626404
97.9020595551
97.7740287781
97.8021621704
97.8009700775
97.804069519
97.825050354
97.7880954742
97.804069519
98.0169773102
97.825050354
97.7828502655
97.797870636
97.8260040283
97.8071689606
97.6159572601
97.9180335999
97.8288650513
97.7702140808
97.8338718414
97.7470874786
97.6989269257
97.7671146393
97.806930542
97.7962017059
97.8100299835
97.8360176086
97.8448390961
97.8047847748
