216.935157776
217.034816742
216.882944107
216.842889786
216.78519249
216.808080673
216.840028763
216.809034348
216.805934906
216.782808304
216.833114624
216.825962067
216.805934906
216.824054718
216.784000397
216.800928116
216.825962067
216.799020767
216.804981232
216.93110466
216.908931732
216.891050339
216.897010803
216.92109108
216.917991638
216.897010803
216.97807312
216.852903366
216.894865036
216.876983643
216.897964478
216.872930527
216.791152954
216.919898987
216.913223267
216.830015182
217.1189785
216.814994812
216.898918152
216.906070709
216.856956482
216.839075089
216.778993607
216.835021973
216.886043549
216.881990433
216.918945312
216.822862625
216.876983643
216.930866241
216.788053513
216.845989227
216.897964478
216.917991638
216.860055923
216.892004013
216.83216095
216.907024384
216.912031174
216.873884201
216.920852661
216.83382988
216.902971268
216.96805954
216.85385704
216.9008255
216.853141785
216.750860214
217.010974884
216.886043549
216.819047928
216.868877411
216.887950897
216.956138611
216.869831085
216.913223267
216.917037964
216.871023178
216.876983643
216.784000397
216.910123825
216.940879822
216.898202896
216.886043549
216.902017593
217.002868652
216.890096664
216.896057129
216.902017593
216.888904572
216.93611145
216.882944107
216.907024384
216.871023178
216.863870621
216.868877411
216.987133026
216.913938522
216.871023178
216.921806335
216.891050339
216.903924942
216.89915657
216.979980469
216.897010803
216.886997223
216.914892197
216.891050339
216.89581871
216.877937317
216.888904572
216.915130615
216.902971268
216.856956482
216.890096664
216.961860657
216.947793961
216.852903366
216.823101044
216.938018799
216.892004013
216.785907745
216.941833496
216.784954071
216.857910156
216.825008392
216.805934906
216.907978058
216.88914299
216.899871826
216.88580513
216.922998428
216.926813126
216.877222061
216.89581871
216.911077499
216.922998428
216.925859451
216.776132584
216.851949692
216.912984848
216.923952103
216.924905777
217.043876648
216.89581871
216.905832291
216.899871826
216.853141785
216.88580513
216.917991638
217.000007629
216.893911362
216.899871826
216.909170151
216.912031174
216.943025589
216.891050339
216.902971268
216.909885406
216.907024384
216.905117035
217.080116272
216.881036758
216.962814331
216.910839081
216.849088669
216.958999634
217.244148254
216.872930527
216.871976852
216.853141785
216.891050339
216.924905777
216.887950897
216.881036758
216.906070709
216.965913773
217.004060745
216.878175735
216.816902161
216.806173325
216.960906982
216.933012009
216.881036758
216.91608429
216.930866241
216.89581871
216.780900955
216.928958893
216.935873032
217.085123062
216.92109108
216.892004013
217.05698967
216.927051544
216.948986053
216.891050339
216.983795166
216.943025589
216.926813126
216.934919357
216.962099075
217.05698967
216.918945312
217.027902603
216.812133789
216.775894165
216.787099838
216.798067093
216.804027557
216.865062714
217.000007629
216.834068298
216.996908188
216.883182526
216.898918152
216.909170151
216.897010803
216.992855072
216.955900192
216.8841362
216.910839081
216.906070709
216.962099075
216.773986816
216.774940491
216.787099838
216.810941696
216.804027557
216.781139374
216.876983643
216.853141785
216.907024384
216.820001602
216.887950897
216.922044754
217.049121857
216.818094254
216.942071915
216.907024384
216.890096664
216.979980469
216.913938522
216.853141785
216.900110245
216.907978058
216.915130615
216.873884201
216.876983643
216.789960861
216.828107834
216.852903366
216.843128204
216.794967651
216.791152954
216.800928116
216.788053513
216.769933701
216.799974442
216.949939728
216.798067093
216.896057129
216.891050339
216.905117035
216.910839081
216.899871826
216.889858246
216.867208481
216.875076294
216.910839081
216.815948486
216.873884201
216.907024384
216.946840286
216.897010803
216.915130615
216.913938522
216.925144196
216.818094254
216.789960861
216.830968857
216.856956482
217.057943344
217.031955719
216.869831085
216.911792755
216.905832291
216.912031174
216.913938522
216.907024384
216.824054718
216.892004013
216.901063919
216.879844666
216.899871826
216.935873032
216.91608429
216.902017593
216.898918152
216.869115829
217.020988464
216.922998428
216.922044754
216.872930527
216.808080673
216.890096664
216.960191727
216.83883667
216.901063919
216.897964478
216.892004013
216.979026794
216.892004013
216.790914536
216.864109039
216.72296524
216.696023941
216.706037521
216.720819473
216.811180115
216.816902161
216.786146164
216.820001602
216.907978058
216.91608429
216.832876205
216.806173325
216.686010361
216.932058334
216.863870621
216.871976852
216.980218887
216.917037964
216.894865036
216.91608429
216.87412262
216.857910156
216.85385704
216.921806335
216.745853424
216.895103455
216.914892197
216.892004013
216.906785965
216.871976852
216.825962067
216.890096664
216.816902161
216.79019928
216.976881027
216.979026794
216.763973236
216.908931732
217.144966125
216.911077499
216.893911362
216.909170151
216.881036758
216.920852661
216.886997223
216.903209686
217.154979706
216.830015182
216.881990433
216.835021973
216.927051544
216.925859451
216.818809509
216.905832291
216.898918152
216.897010803
216.892957687
216.89915657
216.917991638
216.845989227
217.023849487
216.914892197
216.943025589
216.897010803
216.917991638
216.912031174
216.89915657
216.901063919
216.892004013
216.814041138
216.932058334
216.921806335
216.919898987
216.946125031
216.91608429
216.88079834
216.888904572
216.922044754
216.89414978
216.912031174
216.890096664
216.912031174
216.986894608
216.943025589
216.767072678
217.02003479
216.886043549
216.8841362
216.881036758
216.871023178
216.903924942
216.886043549
216.881990433
216.967105865
216.904878616
216.858148575
216.903924942
216.913938522
216.906070709
216.928005219
216.996908188
216.902971268
216.906070709
216.861963272
216.887950897
216.910839081
217.002153397
216.907024384
216.895103455
216.892957687
216.883182526
216.886043549
216.894865036
216.8841362
216.870069504
216.886997223
216.819047928
216.862201691
216.903924942
216.876983643
216.919898987
216.901063919
216.909885406
216.89081192
216.907024384
217.026948929
216.938972473
216.896057129
216.900110245
216.892004013
216.932058334
216.784000397
216.866970062
216.922044754
216.861963272
216.89581871
216.938972473
216.902017593
217.293024063
216.899871826
216.976881027
216.896772385
216.905832291
217.004060745
216.984033585
216.962814331
216.930150986
216.951131821
216.943979263
216.911792755
216.889858246
216.930150986
216.907024384
216.880083084
216.880083084
217.122077942
216.911077499
216.922998428
216.917991638
216.916799545
216.873884201
216.898202896
217.028141022
217.014074326
216.979026794
216.92609787
216.960906982
216.970920563
216.942071915
216.953039169
216.948032379
217.06199646
216.940164566
216.918945312
216.907978058
216.902971268
216.938972473
216.897010803
217.03004837
216.891050339
217.036008835
216.892957687
216.921806335
216.9008255
216.856956482
216.917037964
216.892004013
217.090129852
216.742038727
216.964960098
216.871976852
216.91608429
216.948032379
217.007160187
216.94111824
217.017889023
216.924905777
216.902971268
216.96805954
216.926813126
216.971874237
216.876029968
217.004060745
216.922044754
216.918945312
216.931819916
216.912984848
216.904878616
216.92609787
216.873168945
216.970920563
216.89414978
216.908931732
216.956853867
216.885089874
216.920137405
216.915130615
216.9880867
216.942071915
216.929912567
216.940164566
216.930866241
216.965198517
217.059850693
216.965913773
217.038869858
216.912984848
216.94111824
216.979026794
216.943025589
216.890096664
216.92109108
216.907024384
216.856956482
216.912984848
216.993093491
216.901063919
216.888904572
216.908931732
216.938018799
216.91608429
216.912984848
216.911077499
216.981887817
216.928005219
216.928005219
216.858863831
216.902971268
216.799020767
216.907024384
216.828107834
216.816902161
216.829061508
216.816902161
216.774225235
216.814041138
217.401981354
216.834068298
216.831922531
216.83216095
216.81189537
216.862201691
216.823816299
216.820001602
216.820955276
216.892957687
216.868162155
216.913938522
216.924905777
216.860055923
216.945886612
216.979980469
217.009067535
216.861963272
216.934919357
216.857910156
216.814994812
216.799974442
216.876029968
216.83216095
216.860055923
216.947078705
216.912984848
216.905117035
216.891050339
216.897010803
216.946125031
216.835975647
216.868162155
216.869831085
216.868877411
216.87912941
216.829061508
216.823101044
216.882944107
216.917037964
217.046022415
216.946125031
216.933012009
216.861963272
216.913938522
216.857910156
216.864109039
216.809034348
216.939926147
216.938972473
216.898202896
216.893911362
216.902017593
216.905117035
216.875076294
216.922998428
216.892004013
216.938972473
216.917991638
216.902017593
216.912984848
216.917037964
216.852903366
217.014074326
216.89915657
216.895103455
216.974020004
216.982126236
216.949939728
216.907024384
216.918945312
217.054843903
216.939210892
216.850996017
216.93611145
216.825008392
216.830968857
216.809034348
216.836929321
216.84885025
216.840028763
216.828107834
216.830015182
216.825008392
216.877937317
216.937065125
217.015981674
216.912031174
216.868877411
216.814041138
216.829061508
216.88914299
216.892004013
216.947078705
216.899871826
217.025995255
216.938018799
216.878890991
216.834068298
216.927051544
216.911077499
216.966867447
216.925859451
216.874837875
216.935157776
216.901063919
216.894865036
216.895103455
216.950893402
216.952085495
216.992855072
216.928005219
216.880083084
216.937065125
216.933012009
216.917037964
216.923952103
216.952085495
217.1189785
216.867923737
216.831922531
216.806173325
216.807842255
216.849803925
216.792106628
216.818094254
216.938972473
217.025995255
216.866016388
216.928958893
216.930150986
217.06199646
216.904878616
217.029094696
216.961860657
216.965198517
216.918945312
217.139959335
216.912031174
216.917037964
216.861963272
216.967105865
216.928958893
216.896057129
216.907024384
216.906070709
216.924905777
216.91608429
216.979026794
216.924905777
216.89081192
216.866970062
217.078924179
216.949939728
216.892004013
216.965913773
216.967105865
216.938972473
216.895103455
216.920137405
216.944932938
216.917037964
216.883182526
216.892004013
216.877937317
216.944932938
216.913938522
216.878890991
216.903924942
217.006921768
216.897010803
216.875076294
216.905117035
216.902971268
216.897010803
216.897964478
216.882944107
216.865062714
217.131853104
216.861009598
216.894865036
216.87912941
216.804981232
216.773986816
216.800928116
216.823101044
216.825962067
216.891050339
216.83216095
216.832876205
216.808080673
216.824054718
216.908931732
216.894865036
216.911077499
216.864109039
216.810941696
216.809034348
216.809988022
216.820001602
216.829061508
216.989040375
216.871976852
216.922998428
216.891050339
216.964006424
216.886043549
216.902971268
216.906785965
216.894865036
216.912984848
216.845035553
216.935873032
216.903924942
216.859817505
216.899871826
216.885089874
216.897010803
216.912031174
216.897010803
216.830968857
216.864824295
216.88580513
216.827869415
216.799020767
216.897010803
216.911077499
217.00501442
216.843128204
216.817855835
216.780900955
216.830015182
216.815233231
216.83883667
216.809988022
216.870069504
216.834068298
216.871023178
216.871023178
216.848134995
216.861963272
216.840982437
216.858148575
216.860055923
216.858863831
216.820001602
217.010974884
216.958045959
216.922044754
217.109918594
216.999053955
216.907978058
216.835975647
216.855049133
216.913223267
216.854810715
216.893911362
216.866970062
216.84885025
216.941833496
216.830968857
216.870069504
216.846942902
216.847896576
216.821908951
216.83883667
216.828107834
216.767072678
216.87412262
216.821908951
216.800928116
216.862916946
216.876983643
216.903209686
217.019796371
216.956138611
216.906070709
216.918945312
216.927051544
216.951847076
216.879844666
216.969013214
216.987848282
216.965913773
216.956853867
216.918945312
216.907024384
216.887950897
216.93277359
216.871976852
216.85218811
216.923952103
216.903924942
216.926813126
216.83883667
216.928005219
216.927051544
216.950893402
216.912984848
216.917037964
216.917037964
216.912031174
216.947078705
216.928958893
216.923952103
216.912031174
216.954946518
216.904163361
216.879844666
216.912031174
216.933965683
216.933012009
216.902971268
216.886997223
216.897964478
216.955900192
216.919183731
216.902971268
216.902971268
216.944217682
216.892004013
216.950893402
216.902017593
217.017889023
216.910123825
216.918945312
216.912031174
216.881036758
216.906070709
216.92609787
216.93611145
216.926813126
216.939926147
216.939926147
216.872930527
216.913938522
216.934919357
216.943025589
216.91608429
216.91608429
216.974020004
216.871976852
216.850996017
216.912984848
216.992855072
216.936826706
216.914892197
216.897010803
216.920137405
216.902017593
216.896057129
216.933012009
216.920137405
216.925859451
216.889858246
216.896057129
216.896057129
216.969966888
216.912031174
216.896057129
216.899871826
216.907978058
216.922044754
216.92609787
218.183040619
217.002868652
216.844081879
216.9880867
216.905117035
216.974020004
216.904163361
216.906070709
216.917037964
216.960906982
216.912031174
217.03004837
216.942071915
216.876983643
216.94278717
216.908931732
216.920137405
216.894865036
216.930866241
216.870069504
216.880083084
216.866970062
216.932058334
216.89414978
216.866016388
216.965913773
217.041969299
216.964006424
216.912031174
216.883182526
216.868877411
216.908931732
217.005968094
217.036962509
217.083930969
216.897010803
216.920852661
216.915130615
216.860055923
216.984987259
216.984987259
216.897964478
216.910839081
216.926813126
216.922044754
216.927051544
216.909170151
216.835021973
216.865062714
216.927051544
216.92109108
216.953992844
216.897010803
216.880083084
216.824054718
216.853141785
216.846942902
216.835975647
216.806173325
216.917037964
216.83382988
216.876983643
216.852903366
216.863870621
216.835021973
