13.0798816681
0.633955001831
0.586032867432
0.53596496582
0.570058822632
0.59700012207
0.607013702393
0.552892684937
0.503063201904
0.460147857666
0.502824783325
0.461101531982
0.463962554932
0.438928604126
0.436067581177
0.436067581177
0.436067581177
0.432968139648
0.432968139648
0.410795211792
0.442028045654
0.456094741821
0.459909439087
0.461101531982
0.458002090454
0.463962554932
0.458002090454
0.483989715576
0.458002090454
0.509977340698
0.463008880615
0.46706199646
0.455856323242
0.458955764771
0.460147857666
0.461101531982
0.46706199646
0.460863113403
0.497102737427
0.423908233643
0.422954559326
0.458955764771
0.463962554932
0.464916229248
0.461101531982
0.462770462036
0.472068786621
0.442981719971
0.436067581177
0.446081161499
0.44584274292
0.442981719971
0.447034835815
0.453948974609
0.444889068604
0.602006912231
0.468015670776
0.464916229248
0.461101531982
0.455856323242
0.463008880615
0.458955764771
0.458002090454
0.48303604126
0.459909439087
0.456094741821
0.458002090454
0.454902648926
0.458002090454
0.48303604126
0.458002090454
0.485181808472
0.52809715271
0.487089157104
0.481128692627
0.471830368042
0.47492980957
0.497102737427
0.473976135254
0.464916229248
0.369071960449
0.366926193237
0.367879867554
0.368118286133
0.367879867554
0.370025634766
0.368118286133
0.370025634766
0.3662109375
0.495910644531
0.428915023804
0.460863113403
0.462055206299
0.463008880615
0.458955764771
0.468015670776
0.473976135254
0.462055206299
0.483989715576
0.467777252197
0.466108322144
0.468015670776
0.463962554932
0.473976135254
0.469207763672
0.464200973511
0.482797622681
0.470876693726
0.464916229248
0.46706199646
0.46706199646
0.471115112305
0.488996505737
0.46706199646
0.609159469604
0.509023666382
0.472068786621
0.444173812866
0.444889068604
0.445127487183
0.471115112305
0.444889068604
0.456094741821
0.504016876221
0.470876693726
0.447034835815
0.440835952759
0.436067581177
0.433921813965
0.434875488281
0.431060791016
0.472068786621
0.431060791016
0.431060791016
0.62108039856
0.432968139648
0.432968139648
0.439882278442
0.434160232544
0.440835952759
0.436067581177
0.434875488281
0.436067581177
0.434875488281
0.43511390686
0.436067581177
0.438213348389
0.436067581177
0.454902648926
0.489950180054
0.396966934204
0.395059585571
0.394105911255
0.395059585571
0.396013259888
0.421047210693
0.394105911255
0.47779083252
0.424146652222
0.43797492981
0.435829162598
0.434160232544
0.433921813965
0.426054000854
0.43797492981
0.435829162598
0.456094741821
0.411033630371
0.410079956055
0.409126281738
0.408887863159
0.407934188843
0.410079956055
0.434875488281
0.418901443481
0.498056411743
0.641107559204
0.518083572388
0.477075576782
0.469207763672
0.470161437988
0.481843948364
0.47492980957
0.502109527588
0.453948974609
0.457048416138
0.456809997559
0.454187393188
0.452995300293
0.478982925415
0.456094741821
0.46706199646
0.47492980957
0.473976135254
0.47492980957
0.560998916626
0.486135482788
0.501871109009
0.473976135254
0.521898269653
0.476121902466
0.472068786621
0.468969345093
0.469923019409
0.476121902466
0.49901008606
0.472068786621
0.486850738525
0.472068786621
0.473976135254
0.470876693726
0.494956970215
0.469923019409
0.495910644531
0.468015670776
0.479936599731
0.429153442383
0.412940979004
0.411987304688
0.414133071899
0.448942184448
0.448942184448
0.447988510132
0.447988510132
0.463962554932
0.473976135254
0.469923019409
0.472068786621
0.468969345093
0.473022460938
0.495910644531
0.469923019409
0.48303604126
0.473022460938
0.468015670776
0.468969345093
0.470161437988
0.46706199646
0.471115112305
0.469923019409
0.469923019409
0.47492980957
0.475168228149
0.466108322144
0.472068786621
0.469923019409
0.468969345093
0.468969345093
0.472068786621
0.462770462036
0.452995300293
0.450134277344
0.447034835815
0.449180603027
0.45108795166
0.457048416138
0.452995300293
0.459909439087
0.46706199646
0.463962554932
0.465154647827
0.46181678772
0.468969345093
0.476121902466
0.503063201904
0.468015670776
0.487089157104
0.465869903564
0.466108322144
0.468015670776
0.462055206299
0.468969345093
0.462770462036
0.466108322144
0.458002090454
0.444889068604
0.449895858765
0.447034835815
0.442981719971
0.447034835815
0.478029251099
0.442981719971
0.540971755981
0.450849533081
0.456094741821
0.441789627075
0.441074371338
0.442981719971
0.469923019409
0.472068786621
0.447034835815
0.563144683838
0.466823577881
0.468015670776
0.476121902466
0.468015670776
0.476837158203
0.463008880615
0.458955764771
0.476121902466
0.45919418335
0.458955764771
0.459909439087
0.569105148315
0.478982925415
0.477075576782
0.465869903564
0.491142272949
0.468015670776
0.466108322144
0.463008880615
0.465869903564
0.463962554932
0.468015670776
0.468015670776
0.494956970215
0.447034835815
0.443935394287
0.447034835815
0.448942184448
0.443935394287
0.445127487183
0.447034835815
0.453948974609
0.49901008606
0.465154647827
0.462055206299
0.464916229248
0.463962554932
0.468015670776
0.535011291504
0.466108322144
0.475168228149
0.470876693726
0.466108322144
0.466823577881
0.466108322144
0.46181678772
0.465154647827
0.463962554932
0.494003295898
0.458955764771
0.463962554932
0.456094741821
0.458002090454
0.461101531982
0.491857528687
0.463008880615
0.471115112305
0.450849533081
0.442028045654
0.445127487183
0.446796417236
0.446081161499
0.445127487183
0.452995300293
0.443935394287
0.473022460938
0.465869903564
0.465154647827
0.464916229248
0.463962554932
0.46706199646
0.488996505737
0.468015670776
0.468969345093
0.464200973511
0.470161437988
0.468015670776
0.464916229248
0.472068786621
0.463008880615
0.468015670776
0.472068786621
0.465869903564
0.464916229248
0.463962554932
0.465154647827
0.465869903564
0.463008880615
0.463008880615
0.460863113403
0.457048416138
0.442981719971
0.447034835815
0.44584274292
0.445127487183
0.44584274292
0.476121902466
0.43797492981
0.448942184448
0.465869903564
0.457048416138
0.459909439087
0.572919845581
0.468969345093
0.67400932312
0.558137893677
0.519037246704
0.468015670776
0.464916229248
0.466108322144
0.468015670776
0.469207763672
0.465154647827
0.460863113403
0.49901008606
0.459909439087
0.464916229248
0.461101531982
0.458955764771
0.458955764771
0.484943389893
0.465154647827
0.471115112305
0.449895858765
0.442981719971
0.446081161499
0.443935394287
0.444889068604
0.446081161499
0.446081161499
0.443935394287
0.455856323242
0.462055206299
0.460863113403
0.457048416138
0.458002090454
0.462055206299
0.471115112305
0.465869903564
0.470161437988
0.466108322144
0.462055206299
0.46181678772
0.462055206299
0.46706199646
0.46181678772
0.468969345093
0.463008880615
0.468969345093
0.466108322144
0.467777252197
0.463008880615
0.462055206299
0.465869903564
0.463008880615
0.463962554932
0.485181808472
0.450134277344
0.454902648926
0.447034835815
0.442981719971
0.442981719971
0.443935394287
0.448942184448
0.617027282715
0.475168228149
0.464916229248
0.463008880615
0.463008880615
0.463008880615
0.463962554932
0.463962554932
0.466108322144
0.475883483887
0.461101531982
0.46181678772
0.458955764771
0.461101531982
0.459909439087
0.472068786621
0.465154647827
0.516891479492
0.447988510132
0.446081161499
0.442981719971
0.447988510132
0.44322013855
0.476121902466
0.446081161499
0.52809715271
0.509977340698
0.478982925415
0.446081161499
0.436782836914
0.43797492981
0.437021255493
0.442981719971
0.438928604126
0.483989715576
0.458955764771
0.463008880615
0.462055206299
0.458002090454
0.468015670776
0.458955764771
0.458955764771
0.472784042358
0.465154647827
0.458002090454
0.464916229248
0.459909439087
0.458955764771
0.457048416138
0.464916229248
0.491142272949
0.458002090454
0.460863113403
0.452995300293
0.453948974609
0.45108795166
0.452995300293
0.473022460938
0.45919418335
0.482797622681
0.44584274292
0.442028045654
0.43797492981
0.438928604126
0.442028045654
0.437021255493
0.43797492981
0.439882278442
0.475883483887
0.457048416138
0.457048416138
0.458002090454
0.46706199646
0.460147857666
0.463962554932
0.455856323242
0.49614906311
0.454902648926
0.453948974609
0.458002090454
0.459909439087
0.458002090454
0.485897064209
0.457048416138
0.470876693726
0.463962554932
0.454187393188
0.457763671875
0.45919418335
0.458955764771
0.460147857666
0.458002090454
0.45919418335
0.460863113403
0.447988510132
0.447034835815
0.438928604126
0.434875488281
0.440835952759
0.472068786621
0.441074371338
0.491857528687
0.462055206299
0.458002090454
0.458955764771
0.457048416138
0.458002090454
0.463008880615
0.458955764771
0.460147857666
0.465869903564
0.463962554932
0.457048416138
0.457048416138
0.458955764771
0.458002090454
0.456809997559
0.45919418335
0.485181808472
0.456809997559
0.468015670776
0.458002090454
0.458002090454
0.460863113403
0.483989715576
0.463962554932
0.498056411743
0.454187393188
0.43797492981
0.447988510132
0.437021255493
0.437021255493
0.438928604126
0.436067581177
0.438928604126
0.449895858765
0.457048416138
0.452995300293
0.452041625977
0.458002090454
0.455141067505
0.453948974609
0.458002090454
0.460147857666
0.458002090454
0.456809997559
0.49614906311
0.456094741821
0.458002090454
0.459909439087
0.456094741821
0.463962554932
0.497102737427
0.455856323242
0.460147857666
0.541925430298
0.40602684021
0.416040420532
0.484943389893
0.493049621582
0.536918640137
0.462055206299
0.42200088501
0.456094741821
0.450849533081
0.452041625977
0.452041625977
0.451803207397
0.416994094849
0.436067581177
0.427961349487
0.42986869812
0.427007675171
0.46706199646
0.468015670776
0.490188598633
0.464916229248
0.482082366943
0.46706199646
0.461101531982
0.464916229248
0.462055206299
0.458955764771
0.469923019409
0.462055206299
0.478029251099
0.475883483887
0.46706199646
0.460863113403
0.463962554932
0.46706199646
0.463008880615
0.466823577881
0.463962554932
0.579118728638
0.450134277344
0.443935394287
0.443935394287
0.444889068604
0.450134277344
0.444173812866
0.661849975586
0.488996505737
0.459909439087
0.460147857666
0.454902648926
0.458955764771
0.457048416138
0.454902648926
0.436067581177
0.46706199646
0.426054000854
0.42200088501
0.423192977905
0.463008880615
0.464200973511
0.463008880615
0.466108322144
0.458002090454
0.503063201904
0.455856323242
0.457048416138
0.453948974609
0.457048416138
0.458002090454
0.46706199646
0.46706199646
0.496864318848
0.447034835815
0.447988510132
0.442981719971
0.443935394287
0.459909439087
0.442981719971
0.442981719971
0.446081161499
0.453948974609
0.458955764771
0.452041625977
0.458955764771
0.452041625977
0.460863113403
0.456094741821
0.455856323242
0.466108322144
0.453948974609
0.459909439087
0.44584274292
0.449180603027
0.455141067505
0.447988510132
0.450849533081
0.447034835815
0.491142272949
0.466108322144
0.468969345093
0.463008880615
0.463962554932
0.466823577881
0.469923019409
0.457048416138
0.499963760376
0.447988510132
0.447034835815
0.447034835815
0.440835952759
0.447988510132
0.447034835815
0.448942184448
0.489950180054
0.475883483887
0.468969345093
0.469923019409
0.465154647827
0.464200973511
0.467777252197
0.46706199646
0.464916229248
0.472068786621
0.468015670776
0.463008880615
0.468969345093
0.468969345093
0.463008880615
0.468969345093
0.458955764771
0.473976135254
0.461101531982
0.464916229248
0.461101531982
0.468969345093
0.464916229248
0.495910644531
0.470161437988
0.463008880615
0.461101531982
0.447988510132
0.451803207397
0.441074371338
0.449895858765
0.447034835815
0.452995300293
0.442028045654
0.460863113403
0.461101531982
0.458955764771
0.460863113403
0.457048416138
0.458955764771
0.648021697998
0.472784042358
0.541210174561
0.472068786621
0.468015670776
0.46706199646
0.460863113403
0.463008880615
0.468015670776
0.468015670776
0.473022460938
0.464916229248
0.462055206299
0.463962554932
0.466108322144
0.462770462036
0.488996505737
0.462055206299
0.466108322144
0.454187393188
0.452995300293
0.440835952759
0.448942184448
0.440120697021
0.448942184448
0.448942184448
0.447988510132
0.466108322144
0.462055206299
0.468015670776
0.461101531982
0.469207763672
0.46181678772
0.494003295898
0.461101531982
0.464916229248
0.462055206299
0.46181678772
0.463008880615
0.461101531982
0.463008880615
0.563144683838
0.471830368042
0.481128692627
0.476837158203
0.473022460938
0.468969345093
0.462055206299
0.46706199646
0.469923019409
0.468969345093
0.495910644531
0.478029251099
0.452995300293
0.453948974609
0.447988510132
0.452995300293
0.446081161499
0.447988510132
0.447034835815
0.576972961426
0.463962554932
0.431060791016
0.46706199646
0.468015670776
0.473976135254
0.468969345093
0.464916229248
0.509977340698
0.472068786621
0.46706199646
0.46706199646
0.468015670776
0.46181678772
0.494003295898
0.468015670776
0.475883483887
0.464200973511
0.461101531982
0.463962554932
0.462055206299
0.463962554932
0.46706199646
0.469207763672
0.475168228149
0.494003295898
0.447034835815
0.442981719971
0.456094741821
0.450849533081
0.447988510132
0.452041625977
0.452995300293
0.469923019409
0.463962554932
0.472068786621
0.463962554932
0.46706199646
0.463962554932
0.494003295898
0.461101531982
0.497102737427
0.460863113403
0.468015670776
0.457048416138
0.452995300293
0.458002090454
0.459909439087
0.462055206299
0.473976135254
0.480890274048
0.468015670776
0.460863113403
0.468015670776
0.462055206299
0.462055206299
0.46181678772
0.463008880615
0.500917434692
0.456094741821
0.447988510132
0.438928604126
0.448942184448
0.45108795166
0.479936599731
0.448942184448
0.566005706787
0.473022460938
0.46706199646
0.463962554932
0.46706199646
0.463008880615
0.488996505737
0.463008880615
0.468969345093
0.472068786621
0.464916229248
0.463962554932
0.461101531982
0.463962554932
0.460863113403
0.468969345093
0.463008880615
0.458955764771
0.465154647827
0.459909439087
0.469923019409
0.463962554932
0.468969345093
0.465154647827
0.464916229248
0.516891479492
0.742197036743
0.453948974609
0.444173812866
0.446796417236
0.442981719971
0.442028045654
0.447988510132
0.464916229248
0.455141067505
0.458955764771
0.455856323242
0.458002090454
0.457048416138
0.487089157104
0.463008880615
0.503063201904
0.460863113403
0.466108322144
0.460863113403
0.463962554932
0.469923019409
0.460147857666
0.46706199646
0.473976135254
0.471115112305
0.460863113403
0.463962554932
0.46706199646
0.463008880615
0.460863113403
0.463008880615
0.463008880615
0.458955764771
0.441074371338
0.458002090454
0.449895858765
0.440120697021
0.447034835815
0.463008880615
0.442981719971
0.42200088501
0.471830368042
0.468969345093
0.463008880615
0.464916229248
0.462055206299
0.463962554932
0.46706199646
0.458955764771
0.494003295898
0.468015670776
0.456094741821
0.458002090454
0.458002090454
0.459909439087
0.464916229248
0.462055206299
0.468969345093
0.465869903564
0.468969345093
0.465154647827
0.469207763672
0.464916229248
0.458002090454
0.463008880615
0.492095947266
0.468969345093
0.447034835815
0.449180603027
0.452041625977
0.447988510132
0.452041625977
0.447988510132
0.441074371338
0.570058822632
0.464200973511
0.430822372437
0.463962554932
0.463008880615
0.461101531982
0.468969345093
0.468969345093
0.501871109009
