106.44197464
97.6569652557
97.7189540863
97.6531505585
97.5739955902
97.7389812469
97.7909564972
97.7890491486
97.7749824524
97.8209972382
97.6331233978
97.61095047
97.6669788361
97.7110862732
97.7890491486
97.8019237518
97.7530479431
97.8028774261
97.7962017059
97.8028774261
97.7959632874
97.7709293365
97.6500511169
97.7020263672
97.6960659027
97.6130962372
97.6610183716
97.6591110229
97.7418422699
97.7509021759
97.7680683136
97.7771282196
97.7938175201
97.795009613
97.7489948273
97.8050231934
97.8269577026
97.7890491486
97.7220535278
97.7590084076
97.9261398315
97.7599620819
97.7649688721
97.7900028229
97.7499485016
97.8198051453
97.767829895
97.8100299835
97.7990627289
97.8059768677
97.8360176086
97.7962017059
97.7649688721
97.7671146393
97.7890491486
97.7790355682
97.7869033813
97.7351665497
97.7499485016
97.8150367737
97.7890491486
97.7790355682
97.8009700775
97.7528095245
97.7621078491
97.736120224
97.7590084076
97.7048873901
97.7559089661
97.7561473846
97.7458953857
97.7349281311
97.7370738983
97.7802276611
97.6669788361
97.7540016174
97.8128910065
97.7399349213
97.6641178131
97.7051258087
97.669839859
97.706079483
97.7070331573
97.6469516754
97.668170929
97.6669788361
97.7420806885
97.7520942688
97.7740287781
97.7728366852
97.83411026
97.8019237518
97.6729393005
97.748041153
97.748041153
97.8291034698
97.797870636
97.7799892426
97.846031189
97.7449417114
97.8081226349
97.7499485016
98.1690883636
97.7389812469
97.8031158447
97.7878570557
97.7618694305
97.7518558502
97.7728366852
97.7578163147
97.7811813354
97.7690219879
97.8109836578
97.7599620819
97.7630615234
97.8000164032
97.7001190186
97.7830886841
97.7809429169
97.8939533234
97.8472232819
97.7389812469
97.806930542
97.7771282196
97.7990627289
97.6538658142
98.0179309845
97.7618694305
97.8548526764
97.7330207825
97.7590084076
97.8059768677
97.7931022644
97.8150367737
97.7900028229
97.785949707
97.825050354
97.8031158447
97.7468490601
97.8310108185
97.767829895
97.8050231934
97.797870636
97.7869033813
97.806930542
97.727060318
97.7971553802
97.7878570557
97.7988243103
97.8019237518
97.7871417999
97.7919101715
97.7938175201
97.6779460907
97.6259708405
97.6660251617
97.6622104645
97.6860523224
97.7568626404
97.8050231934
97.8019237518
97.7520942688
97.7458953857
97.8899002075
97.7010726929
97.7909564972
97.7830886841
97.7940559387
97.8059768677
97.8038311005
97.7799892426
97.7940559387
97.6929664612
97.7699756622
97.8140830994
97.8410243988
97.7540016174
97.8310108185
97.718000412
97.7580547333
97.6951122284
97.7380275726
97.7449417114
97.7609157562
97.6860523224
97.7668762207
97.7909564972
97.804069519
97.8059768677
97.8100299835
97.7568626404
97.7289676666
97.7869033813
97.7349281311
97.7840423584
97.8209972382
97.8350639343
97.8000164032
97.7699756622
97.7680683136
97.8288650513
97.8088378906
97.7909564972
97.7709293365
97.7549552917
97.7871417999
97.7940559387
97.7370738983
97.806930542
97.8071689606
97.8000164032
97.7990627289
97.7618694305
97.8810787201
97.7740287781
97.913980484
97.8200435638
97.8188514709
97.7799892426
97.7759361267
97.7671146393
97.7540016174
97.7990627289
97.9330539703
97.8150367737
97.8140830994
97.8140830994
97.8059768677
97.8319644928
97.7199077606
97.727060318
97.7849960327
97.7330207825
97.5861549377
97.6660251617
97.7339744568
97.6631641388
97.7809429169
97.8150367737
97.766160965
97.953081131
97.7890491486
97.7110862732
97.7139472961
97.7520942688
97.6910591125
97.6979732513
97.6920127869
97.7470874786
97.8729724884
97.6910591125
97.7201461792
97.7070331573
97.706079483
97.6729393005
97.7029800415
97.7020263672
97.708940506
97.7051258087
97.748041153
97.7020263672
97.6710319519
97.6920127869
97.7160930634
97.7120399475
97.6979732513
97.6941585541
97.7039337158
97.7079868317
97.7079868317
97.7048873901
97.7389812469
97.6889133453
97.6901054382
97.629070282
97.6989269257
97.7530479431
97.7079868317
97.7029800415
97.8438854218
97.8479385376
97.697019577
97.7311134338
97.7590084076
97.6650714874
97.6459980011
97.6960659027
97.6991653442
97.7029800415
97.6738929749
97.6660251617
97.7621078491
97.6951122284
97.7029800415
97.6960659027
97.6941585541
97.6600646973
97.6979732513
97.7079868317
97.6729393005
97.7120399475
97.6979732513
97.7799892426
97.7749824524
97.8970527649
97.7890491486
97.8009700775
97.7721214294
97.8050231934
97.7549552917
97.6719856262
97.7640151978
97.7430343628
97.7931022644
97.7599620819
97.8000164032
97.7280139923
98.1130599976
97.678899765
97.6440906525
97.6648330688
97.795009613
97.8510379791
97.8410243988
97.8300571442
97.7849960327
97.7680683136
97.7928638458
97.9809761047
97.795009613
97.7990627289
97.7909564972
97.7590084076
97.7048873901
97.7959632874
97.8710651398
97.6979732513
97.7869033813
97.8260040283
97.804069519
97.8088378906
97.766160965
97.7900028229
97.7830886841
97.7959632874
97.7940559387
97.785949707
97.8059768677
97.7919101715
97.7611541748
97.7778434753
97.8319644928
97.8720188141
97.7740287781
97.8038311005
97.7649688721
97.8088378906
97.7849960327
97.8128910065
97.7730751038
97.7039337158
97.7230072021
97.7549552917
97.7740287781
97.6710319519
97.6629257202
97.6800918579
97.8009700775
97.8000164032
97.7687835693
97.815990448
97.718000412
97.7559089661
98.0179309845
97.7990627289
97.8360176086
97.7790355682
97.7690219879
97.6798534393
97.6438522339
97.6660251617
97.6991653442
97.9208946228
97.6991653442
97.6579189301
97.6598262787
97.6870059967
97.6889133453
97.7201461792
97.8548526764
97.7649688721
97.7919101715
97.6738929749
97.7799892426
97.7911949158
97.7129936218
97.7039337158
97.7210998535
97.8479385376
97.7940559387
97.8319644928
97.7840423584
97.669839859
97.7039337158
97.7318286896
97.8009700775
97.8178977966
97.8009700775
97.7938175201
97.8429317474
97.8140830994
97.8028774261
97.815990448
97.8779792786
97.9280471802
97.8128910065
97.795009613
97.8400707245
97.7330207825
97.8360176086
97.8109836578
97.7880954742
97.8488922119
97.7759361267
97.7749824524
97.7559089661
97.6679325104
97.7959632874
97.883939743
97.8188514709
97.7611541748
97.8019237518
97.7489948273
97.7680683136
97.7990627289
97.6929664612
97.815990448
97.7549552917
97.8720188141
97.7468490601
97.7718830109
97.8138446808
97.836971283
97.7900028229
97.7649688721
97.7599620819
97.7840423584
97.7129936218
97.7780818939
97.7590084076
97.7280139923
97.8319644928
97.8689193726
97.7721214294
97.7609157562
97.8009700775
97.7158546448
97.8779792786
97.7048873901
97.6700782776
97.7258682251
97.7311134338
97.7039337158
97.7208614349
97.697019577
97.687959671
97.6588726044
97.7342128754
97.6350307465
97.6920127869
97.6989269257
97.6710319519
97.7020263672
97.6679325104
97.6710319519
97.677230835
97.7618694305
97.7141857147
97.6669788361
97.6960659027
97.7230072021
97.8181362152
97.8009700775
97.748041153
97.7730751038
97.7590084076
97.8870391846
97.8639125824
97.6760387421
97.7401733398
97.7120399475
97.7439880371
97.6920127869
97.7809429169
97.7518558502
97.7470874786
97.7041721344
97.7258682251
97.7070331573
97.7380275726
97.7048873901
97.708940506
97.6998806
97.6550579071
97.7051258087
97.7048873901
97.7079868317
97.7079868317
97.7549552917
97.8119373322
97.8121757507
97.8059768677
97.7780818939
97.7790355682
97.7759361267
97.9540348053
97.9030132294
97.806930542
97.8059768677
97.7849960327
97.7880954742
97.7799892426
97.8000164032
97.6898670197
97.7869033813
97.7771282196
97.7129936218
97.6898670197
97.7051258087
97.7799892426
97.6850986481
97.697019577
97.8200435638
97.8081226349
97.7430343628
97.8209972382
97.8100299835
97.8081226349
97.7818965912
97.7668762207
97.7461338043
97.6870059967
97.7959632874
97.8031158447
97.8360176086
97.7640151978
97.92304039
97.8059768677
97.883939743
97.7969169617
97.7139472961
97.678899765
97.7640151978
97.9309082031
97.7160930634
97.7690219879
97.7540016174
97.7699756622
97.7449417114
97.7759361267
97.7771282196
97.8400707245
97.7740287781
97.7990627289
97.8019237518
97.8038311005
97.8729724884
97.7778434753
97.7699756622
97.7668762207
97.806930542
97.795009613
97.7900028229
97.7981090546
97.7299213409
97.7499485016
97.766160965
97.7830886841
97.8059768677
97.8140830994
97.8100299835
97.8078842163
97.8150367737
97.7828502655
97.804069519
97.8100299835
97.9650020599
97.9311466217
97.825050354
97.7759361267
97.7489948273
97.8097915649
97.8109836578
97.7399349213
97.8190898895
97.7659225464
97.6498126984
97.6819992065
97.7120399475
97.6610183716
97.6979732513
97.6939201355
97.6810455322
97.7129936218
97.6989269257
97.6130962372
97.6729393005
97.7880954742
97.6901054382
97.7008342743
97.7017879486
97.7449417114
97.6951122284
97.7048873901
97.7737903595
97.7618694305
97.7191925049
97.7289676666
97.706079483
97.8090763092
97.7540016174
97.7599620819
97.8009700775
97.7861881256
97.7530479431
97.7840423584
97.7890491486
97.9449748993
97.8200435638
97.7878570557
97.8121757507
97.8498458862
97.7599620819
97.7449417114
97.804069519
97.7699756622
97.7461338043
97.7919101715
97.7840423584
97.8150367737
97.7540016174
97.8000164032
97.7799892426
97.7728366852
97.757101059
97.7759361267
97.7668762207
97.7611541748
97.7079868317
97.727060318
97.7981090546
97.8498458862
97.7959632874
97.7871417999
97.7928638458
97.7990627289
97.7940559387
97.7671146393
97.7990627289
97.7919101715
97.7461338043
97.806930542
97.7668762207
97.785949707
97.8169441223
97.7861881256
97.7189540863
97.815990448
97.8169441223
97.8338718414
97.7890491486
97.8360176086
97.7880954742
97.806930542
97.9311466217
97.7730751038
97.6719856262
97.7048873901
97.7039337158
97.6569652557
97.7540016174
97.6498126984
97.7189540863
97.7411270142
97.6588726044
97.7239608765
97.6707935333
97.687959671
97.7120399475
97.6610183716
97.806930542
97.7749824524
97.8081226349
97.7890491486
97.7759361267
97.7160930634
97.6850986481
97.7830886841
97.8269577026
97.6650714874
97.7299213409
97.697019577
97.7559089661
97.6870059967
97.6958274841
97.7020263672
97.718000412
97.7168083191
97.7029800415
97.827911377
97.813129425
97.706079483
97.7840423584
97.7108478546
97.7389812469
97.6688861847
97.7759361267
97.9859828949
97.7110862732
97.8479385376
97.7990627289
97.8190898895
97.7830886841
97.7959632874
97.8109836578
97.7849960327
97.7649688721
97.7969169617
97.7940559387
97.8059768677
97.7489948273
97.7690219879
97.7721214294
97.8209972382
97.7389812469
97.8050231934
97.8019237518
97.7969169617
97.7561473846
97.7549552917
97.7401733398
97.8400707245
97.6328849792
97.6779460907
97.7649688721
97.795009613
97.7699756622
97.7599620819
97.6920127869
97.7780818939
97.8600978851
97.7170467377
97.7911949158
97.7599620819
97.7609157562
97.7568626404
97.8181362152
97.8739261627
97.715139389
97.7988243103
97.7098941803
97.6819992065
97.7349281311
97.8021621704
97.7420806885
97.8109836578
97.8438854218
97.7470874786
97.7048873901
97.7220535278
97.724199295
97.6910591125
97.6870059967
97.6779460907
97.7108478546
97.7718830109
97.8400707245
97.7630615234
98.01197052
97.7981090546
97.8150367737
97.7740287781
97.8288650513
97.7997779846
97.8300571442
97.806930542
97.8121757507
97.8088378906
97.8620052338
97.8100299835
97.797870636
97.7947711945
97.8119373322
97.7799892426
97.718000412
97.74518013
97.8100299835
97.8119373322
97.8219509125
97.8989601135
97.7239608765
97.8989601135
97.7809429169
97.7559089661
97.8381633759
97.7230072021
97.8150367737
97.7718830109
97.8112220764
97.8109836578
97.8128910065
97.8088378906
97.8150367737
97.78881073
97.7728366852
97.7499485016
97.8000164032
97.8939533234
98.0150699615
97.8081226349
97.7671146393
97.7520942688
97.8071689606
97.8128910065
97.8019237518
97.8090763092
97.8050231934
97.7969169617
97.8109836578
97.7919101715
97.7680683136
97.7919101715
97.8209972382
97.8119373322
97.8739261627
97.8198051453
97.806930542
97.8109836578
97.7900028229
97.7988243103
97.7549552917
97.7990627289
97.8128910065
97.8128910065
97.8140830994
97.8670120239
97.8162288666
97.7990627289
97.8059768677
97.8059768677
97.804069519
97.7959632874
97.7318286896
97.7110862732
97.804069519
97.7590084076
97.9611873627
97.8510379791
97.8181362152
97.8100299835
97.806930542
97.7761745453
97.7430343628
97.8100299835
97.8219509125
97.8071689606
97.8219509125
97.8190898895
97.8000164032
97.795009613
97.7580547333
97.8169441223
97.795009613
97.7959632874
97.8028774261
97.8479385376
97.8021621704
97.8019237518
97.9270935059
97.8019237518
97.8329181671
97.8019237518
97.836971283
97.7959632874
97.8081226349
97.8109836578
97.8012084961
97.8398323059
97.7931022644
97.9821681976
97.8088378906
97.8298187256
97.8012084961
97.8689193726
97.8112220764
97.8009700775
97.8188514709
97.8078842163
97.8231430054
97.7540016174
97.7699756622
97.7101325989
97.7170467377
97.972869873
97.8150367737
97.7349281311
97.7358818054
97.9189872742
97.8829860687
97.8379249573
97.8248119354
97.8090763092
97.9180335999
97.7840423584
97.7880954742
97.8360176086
97.8090763092
97.7311134338
97.8119373322
97.8000164032
97.7840423584
97.7649688721
97.748041153
97.8500843048
97.7990627289
97.8169441223
97.855091095
97.7909564972
97.7990627289
97.7880954742
97.7199077606
97.8050231934
97.8000164032
97.7990627289
97.727060318
97.8019237518
97.7830886841
97.7990627289
97.7718830109
97.7079868317
97.6610183716
97.8119373322
97.7990627289
97.7940559387
97.806930542
97.8100299835
97.8109836578
97.766160965
97.7430343628
97.785949707
97.8071689606
97.7778434753
97.7032184601
97.7890491486
97.8128910065
97.7830886841
97.7659225464
97.775220871
97.8059768677
97.9030132294
97.9671478271
97.8100299835
97.7809429169
97.7540016174
97.736120224
97.8050231934
97.7210998535
97.7590084076
97.8140830994
97.7959632874
97.7711677551
97.776889801
97.7869033813
97.7830886841
97.8291034698
97.8169441223
97.7990627289
97.8519916534
97.8100299835
97.8620052338
97.7690219879
97.8062152863
97.7630615234
97.7568626404
97.7988243103
97.9061126709
97.7971553802
97.7931022644
97.8088378906
97.7969169617
97.8391170502
97.7840423584
97.7940559387
97.7210998535
97.7549552917
97.7931022644
97.7540016174
97.7320671082
97.8059768677
97.8479385376
