86.5888595581
73.6029148102
73.6079216003
73.7669467926
73.5940933228
73.7240314484
73.6808776855
73.7321376801
73.7688541412
73.8270282745
73.8220214844
73.6498832703
73.6668109894
73.5790729523
73.5971927643
73.6999511719
73.6339092255
73.6949443817
73.6908912659
73.7190246582
73.7748146057
73.7390518188
73.7860202789
73.8041400909
73.7869739532
73.814868927
73.7931728363
73.7609863281
73.7609863281
73.784828186
73.68683815
73.6467838287
73.7519264221
73.7340450287
73.8129615784
73.8008022308
73.8229751587
73.8790035248
73.835849762
73.7948417664
73.7187862396
73.6348628998
73.7490653992
73.8129615784
73.8341808319
73.7528800964
73.8589763641
73.784828186
73.9288330078
73.7380981445
73.7509727478
73.755979538
73.8620758057
73.755979538
73.7788677216
73.8301277161
73.7941265106
73.8070011139
73.8089084625
73.8070011139
73.7819671631
73.755979538
73.7957954407
73.8079547882
73.7640857697
73.7659931183
73.8749504089
73.7681388855
73.8570690155
73.784828186
73.7340450287
73.7781524658
73.7638473511
73.7888813019
73.8229751587
73.8418102264
73.8120079041
73.784828186
73.8101005554
73.8019943237
73.8170146942
73.8151073456
73.8089084625
73.7807750702
73.8070011139
73.8289356232
73.7900733948
73.7750530243
73.8270282745
74.001789093
73.7969875336
73.8098621368
73.7431049347
73.6899375916
73.7688541412
73.7609863281
73.734998703
73.7669467926
73.7180709839
73.7071037292
73.6749172211
73.7149715424
73.6420154572
73.7800598145
73.7090110779
73.6839771271
73.6970901489
73.7071037292
73.6758708954
73.7030506134
73.7221240997
73.6730098724
73.6560821533
73.667049408
73.6539363861
73.6742019653
73.6939907074
73.7669467926
73.7612247467
73.8120079041
73.7779140472
73.7950801849
73.7760066986
73.7960338593
73.7111568451
73.7888813019
73.9009380341
73.7929344177
73.765039444
73.802947998
73.7900733948
73.8871097565
73.7819671631
73.765039444
73.8351345062
73.842048645
73.7800598145
73.8079547882
73.8270282745
73.7781524658
73.8060474396
73.7979412079
73.7800598145
73.8089084625
73.7960338593
73.8120079041
73.8048553467
73.7738609314
73.6858844757
73.7869739532
73.9541053772
73.8098621368
73.8041400909
73.8091468811
73.7810134888
73.8098621368
73.7359523773
73.7040042877
73.7020969391
73.8070011139
73.7609863281
73.7628936768
73.7211704254
73.6820697784
73.7619400024
73.7149715424
73.7390518188
73.7380981445
73.7521648407
73.8258361816
73.7950801849
73.7969875336
73.7869739532
73.8070011139
73.8089084625
73.7669467926
73.802947998
73.8129615784
73.7969875336
73.8170146942
73.8852024078
73.8389492035
73.8079547882
73.8108158112
73.8131999969
73.7948417664
73.8251209259
73.8060474396
73.7328529358
73.7679004669
73.6920833588
73.8561153412
73.8089084625
73.8070011139
73.8279819489
73.8170146942
73.8060474396
73.8348960876
73.8079547882
73.7750530243
73.8661289215
73.8639831543
73.86302948
73.8089084625
73.8189220428
73.7900733948
73.6830234528
73.7640857697
73.7628936768
73.802947998
73.8010406494
73.9171504974
73.8060474396
73.8089084625
73.8120079041
73.8101005554
73.7991333008
73.8170146942
73.8039016724
73.8019943237
73.7948417664
73.7788677216
73.872089386
73.7850666046
73.7969875336
73.8179683685
73.8410949707
73.802947998
73.8220214844
73.7910270691
73.8070011139
73.7860202789
73.7550258636
73.8129615784
73.7318992615
73.7459659576
73.6970901489
73.7738609314
73.8470554352
73.7068653107
73.7459659576
73.8399028778
73.8461017609
73.7619400024
73.7371444702
73.7009048462
73.8270282745
73.694229126
73.7128257751
73.7152099609
73.7018585205
73.6939907074
73.6680030823
73.695898056
73.7059116364
73.6961364746
73.7009048462
73.6811161041
73.7090110779
73.7798213959
73.7450122833
73.7860202789
73.7998485565
73.8091468811
73.765039444
73.7981796265
73.8129615784
73.8561153412
73.844909668
73.7810134888
73.7931728363
73.8048553467
73.7929344177
73.7991333008
73.7328529358
73.7929344177
73.8050937653
73.8010406494
73.7991333008
73.7459659576
73.7950801849
73.8070011139
73.902130127
73.8129615784
73.7919807434
73.7931728363
73.7960338593
73.7481117249
73.8000869751
73.8048553467
73.8410949707
73.8091468811
73.8000869751
73.8508701324
73.7910270691
73.7600326538
73.7788677216
73.7948417664
73.8101005554
73.7731456757
73.7929344177
73.8360881805
73.802947998
73.7271308899
73.7080574036
73.8570690155
73.7969875336
73.7998485565
73.6889839172
73.7819671631
73.7879276276
73.8620758057
73.8201141357
73.8110542297
73.8019943237
73.8770961761
73.8379955292
73.7159252167
73.8170146942
73.7547874451
73.7750530243
73.7969875336
73.7760066986
73.7810134888
73.6880302429
73.7948417664
73.7760066986
73.746919632
73.7509727478
73.7628936768
73.8008022308
73.8348960876
73.8000869751
73.7829208374
73.7960338593
73.7760066986
73.7941265106
73.7280845642
73.7640857697
73.7810134888
73.7690925598
73.8408565521
73.7998485565
73.755979538
73.8279819489
73.7979412079
73.8670825958
74.1560459137
73.7309455872
73.7769603729
73.7919807434
73.8041400909
73.7459659576
73.8041400909
73.8489627838
73.6680030823
73.6751556396
73.704957962
73.7109184265
73.6639499664
73.6799240112
73.7199783325
73.7030506134
73.7090110779
73.6870765686
73.6789703369
73.8861560822
73.7369060516
73.6570358276
73.7051963806
73.7600326538
73.6780166626
73.6920833588
73.646068573
73.5900402069
73.6238956451
73.9099979401
73.6558437347
73.7900733948
73.6720561981
73.6649036407
73.6439228058
73.6491680145
73.6558437347
73.6880302429
73.6458301544
73.6680030823
73.6780166626
73.6758708954
73.6989974976
73.6739635468
73.6780166626
73.6680030823
73.6801624298
73.5750198364
73.8580226898
73.6310482025
73.6920833588
73.6680030823
73.6820697784
73.6820697784
73.6711025238
73.7099647522
73.7299919128
73.7290382385
73.6751556396
73.6720561981
73.714017868
73.68516922
73.7030506134
73.6720561981
73.7838745117
73.7102031708
73.704957962
73.6830234528
73.7960338593
73.7090110779
73.7061500549
73.6999511719
73.7669467926
73.7528800964
73.6861228943
73.6908912659
73.6827850342
73.7528800964
73.8110542297
73.8160610199
73.9579200745
73.7869739532
73.8248825073
73.8041400909
73.8019943237
73.8480091095
73.8191604614
73.8670825958
73.802947998
73.8110542297
73.7211704254
73.8120079041
73.8019943237
73.8871097565
73.723077774
73.7380981445
73.7228393555
73.7581253052
73.7960338593
73.7969875336
73.7318992615
73.7500190735
73.7750530243
73.7841129303
73.7769603729
73.8401412964
73.6889839172
73.6949443817
73.6591815948
73.7318992615
73.716878891
73.7209320068
73.7028121948
73.7102031708
73.7240314484
73.6968517303
73.7130641937
73.6920833588
73.734998703
73.6830234528
73.6479759216
73.6901760101
73.6539363861
73.6770629883
73.6720561981
73.7009048462
73.704957962
73.7068653107
73.7099647522
73.6918449402
73.9250183105
73.7090110779
73.8787651062
73.707818985
73.7152099609
73.6629962921
73.7209320068
73.7030506134
73.7459659576
73.6818313599
73.714017868
73.6889839172
73.7071037292
73.6589431763
73.6799240112
73.7540721893
73.7080574036
73.6749172211
73.6467838287
73.7009048462
73.6970901489
73.7118721008
73.7221240997
73.6820697784
73.667049408
73.7278461456
73.6818313599
73.6811161041
73.8019943237
73.8830566406
73.8468170166
73.7929344177
73.7478733063
73.7988948822
73.7361907959
73.7400054932
73.7910270691
73.6911296844
73.6489295959
73.7760066986
73.7400054932
73.7850666046
73.7149715424
73.842048645
73.7750530243
73.7979412079
73.7791061401
73.7509727478
73.7648010254
73.7328529358
73.8120079041
73.7929344177
73.7900733948
73.7581253052
73.7600326538
73.8139152527
73.7991333008
73.7199783325
73.7688541412
73.8317966461
73.8298892975
73.8010406494
73.7648010254
73.7018585205
73.7431049347
73.7829208374
73.8129615784
73.7969875336
73.7800598145
73.8351345062
73.8580226898
73.8110542297
73.7998485565
73.7369060516
73.7779140472
73.7998485565
73.7981796265
73.8120079041
73.7700462341
73.8189220428
73.7948417664
73.7788677216
73.7450122833
73.7919807434
73.8248825073
73.7519264221
73.7760066986
73.8019943237
73.7771987915
73.7619400024
73.8010406494
73.6949443817
73.714017868
73.7421512604
73.7359523773
73.7209320068
73.7519264221
73.7950801849
73.7850666046
73.8089084625
73.7490653992
73.7609863281
73.7509727478
73.7321376801
73.8260746002
73.7769603729
73.7578868866
73.7750530243
73.8081932068
73.7130641937
73.7478733063
73.783159256
73.784828186
73.7669467926
73.7919807434
73.7969875336
73.7891197205
73.8151073456
73.7910270691
73.7690925598
73.7969875336
73.9879608154
73.755979538
73.7369060516
73.7798213959
73.783159256
73.725938797
73.7228393555
73.7030506134
73.6620426178
73.6880302429
73.664188385
73.6639499664
73.6589431763
73.6651420593
73.695898056
73.664188385
73.695898056
73.7009048462
73.6558437347
73.6901760101
73.6930370331
73.6658573151
73.6911296844
73.6749172211
73.6629962921
73.6939907074
73.7252235413
73.6808776855
73.6801624298
73.6980438232
73.6908912659
73.7061500549
73.6680030823
73.7090110779
73.9200115204
73.725938797
73.7051963806
73.7528800964
73.8039016724
73.8201141357
73.8210678101
73.7979412079
73.8270282745
73.9431381226
73.8270282745
73.8370418549
73.7760066986
73.784828186
73.7788677216
73.7280845642
73.7020969391
73.802947998
73.725938797
73.7171173096
73.6570358276
73.7030506134
73.7271308899
73.802947998
73.7061500549
73.7249851227
73.6720561981
73.6570358276
73.6861228943
73.6999511719
73.6939907074
73.6930370331
73.6901760101
73.707818985
73.704957962
73.6808776855
73.6978054047
73.6629962921
73.6978054047
73.6498832703
73.7609863281
73.7988948822
73.8258361816
73.7898349762
73.8182067871
73.8139152527
73.8070011139
73.842048645
73.8468170166
73.8298892975
73.7719535828
73.7519264221
73.9800930023
73.8339424133
73.8189220428
73.8170146942
73.7991333008
73.8070011139
73.7900733948
73.7988948822
73.8251209259
73.8019943237
73.7991333008
73.7569332123
73.7981796265
73.7588405609
73.784828186
73.7981796265
73.8070011139
73.7979412079
73.7981796265
73.7059116364
73.6858844757
73.7781524658
73.7528800964
73.7810134888
73.979139328
73.7528800964
73.8010406494
73.8070011139
73.7860202789
73.7459659576
73.8110542297
73.7731456757
73.7948417664
73.7700462341
73.8430023193
73.8317966461
73.9569664001
73.6589431763
73.7719535828
73.8060474396
73.8050937653
73.8041400909
73.7960338593
73.9159584045
73.9300251007
73.6939907074
73.6999511719
73.8070011139
73.8089084625
73.7709999084
73.7700462341
73.7569332123
73.7860202789
73.7822055817
73.8339424133
73.8129615784
73.7709999084
73.7719535828
73.7991333008
73.7929344177
73.8160610199
73.7700462341
73.7929344177
73.8070011139
73.7979412079
73.7869739532
73.8010406494
73.7760066986
73.7810134888
73.7960338593
73.7590789795
73.7869739532
73.7931728363
73.7888813019
73.805809021
73.802947998
73.8000869751
73.8129615784
73.9121437073
73.7910270691
73.8410949707
73.814868927
73.805809021
73.7838745117
73.7881660461
73.8060474396
73.8110542297
73.86302948
73.8308429718
73.8418102264
73.7321376801
73.9738941193
73.8019943237
73.7659931183
73.802947998
73.7750530243
73.7979412079
73.8008022308
73.6927986145
73.7929344177
73.8101005554
73.7249851227
73.8410949707
73.8279819489
73.7998485565
73.7819671631
73.6899375916
73.8389492035
73.7709999084
73.7748146057
73.7597942352
73.7369060516
73.7750530243
73.746919632
73.7969875336
73.793888092
73.6939907074
73.7199783325
73.6970901489
73.695898056
73.7271308899
73.6839771271
73.6970901489
73.6689567566
73.6708641052
73.6951828003
73.6768245697
73.9290714264
73.6749172211
73.7001895905
73.8730430603
73.7340450287
73.68516922
73.7640857697
73.6610889435
73.7578868866
73.714017868
73.6839771271
73.6470222473
73.6379623413
73.8139152527
73.6989974976
73.6320018768
73.6758708954
73.6999511719
73.6849308014
73.6908912659
73.7979412079
73.7109184265
73.695898056
73.7109184265
73.6730098724
73.6927986145
73.6861228943
73.6570358276
73.8639831543
73.8008022308
73.8229751587
73.7838745117
73.7891197205
73.7841129303
73.7431049347
73.7619400024
73.7330913544
73.755979538
73.8439559937
73.7881660461
73.7860202789
73.8930702209
73.7988948822
73.7071037292
73.8301277161
73.7271308899
73.7760066986
73.7512111664
73.7278461456
73.7879276276
73.832988739
73.7838745117
73.7659931183
73.9469528198
73.7879276276
73.7981796265
73.7979412079
73.8170146942
73.7299919128
73.7390518188
73.7159252167
73.8639831543
73.7872123718
73.8070011139
73.7800598145
73.7979412079
73.7869739532
73.7960338593
73.7380981445
73.8780498505
73.765039444
73.8050937653
73.8179683685
73.7869739532
73.8248825073
73.8039016724
73.7941265106
73.793888092
73.7991333008
73.744058609
73.7900733948
73.7659931183
73.7791061401
73.8718509674
73.7738609314
73.7719535828
73.7819671631
73.7471580505
73.6708641052
73.704957962
73.6858844757
73.6389160156
73.6820697784
73.6041069031
73.6789703369
73.6410617828
73.6980438232
73.7209320068
73.646068573
73.6248493195
73.7881660461
73.7900733948
73.7969875336
73.8189220428
73.8880634308
73.7810134888
73.7659931183
73.7609863281
73.7509727478
73.7671852112
73.7810134888
73.6889839172
73.606967926
73.7659931183
73.7609863281
73.7280845642
73.6951828003
73.6539363861
73.6629962921
73.7788677216
73.7249851227
73.6517906189
73.7779140472
73.7040042877
73.6930370331
73.6970901489
73.7080574036
73.7178325653
73.8060474396
73.7600326538
73.6529827118
73.7218856812
73.7438201904
73.783159256
73.8000869751
73.7838745117
73.8070011139
73.7340450287
73.7299919128
73.8010406494
73.8000869751
73.7841129303
73.7869739532
73.7810134888
73.8570690155
73.8489627838
73.8391876221
73.7910270691
73.7960338593
73.8251209259
73.8418102264
73.7450122833
73.7900733948
73.7287998199
73.7488269806
73.7698078156
73.6839771271
73.753118515
73.7528800964
73.8010406494
73.8608837128
73.7640857697
73.7271308899
73.7910270691
73.793888092
73.8079547882
73.7659931183
73.802947998
73.8101005554
73.8320350647
73.7090110779
73.7521648407
73.6968517303
73.6739635468
73.6510753632
73.7369060516
73.7321376801
73.6999511719
73.7159252167
73.8039016724
73.8120079041
73.657989502
73.8060474396
73.7800598145
73.7979412079
73.7240314484
73.7190246582
73.7369060516
73.753118515
